Selection	View	Channel	Begin Time (s)	End Time (s)	Low Freq (Hz)	High Freq (Hz)	Delta Time (s)	Delta Freq (Hz)	Avg Power Density (dB FS/Hz)	Annotation
1	Waveform 1	1	13.908250003	13.950158104	0.000	8000.000	0.0419	8000.000		cl1
1	Spectrogram 1	1	13.908250003	13.950158104	0.000	8000.000	0.0419	8000.000	-65.12	cl1
2	Waveform 1	1	63.281227367	63.532675976	0.000	8000.000	0.2514	8000.000		-h1
2	Spectrogram 1	1	63.281227367	63.532675976	0.000	8000.000	0.2514	8000.000	-80.42	-h1
3	Waveform 1	1	79.549427041	79.599192911	0.000	8000.000	0.0498	8000.000		-cl2
3	Spectrogram 1	1	79.549427041	79.599192911	0.000	8000.000	0.0498	8000.000	-73.59	-cl2
4	Waveform 1	1	81.246705151	81.285993996	0.000	8000.000	0.0393	8000.000		-cl3
4	Spectrogram 1	1	81.246705151	81.285993996	0.000	8000.000	0.0393	8000.000	-68.60	-cl3
5	Waveform 1	1	81.728648318	81.778414188	0.000	8000.000	0.0498	8000.000		-cl4
5	Spectrogram 1	1	81.728648318	81.778414188	0.000	8000.000	0.0498	8000.000	-63.68	-cl4
6	Waveform 1	1	105.941051597	105.985578954	0.000	8000.000	0.0445	8000.000		-cl5
6	Spectrogram 1	1	105.941051597	105.985578954	0.000	8000.000	0.0445	8000.000	-79.66	-cl5
7	Waveform 1	1	106.477999147	106.525145761	0.000	8000.000	0.0471	8000.000		cl6
7	Spectrogram 1	1	106.477999147	106.525145761	0.000	8000.000	0.0471	8000.000	-66.12	cl6
8	Waveform 1	1	107.449743250	107.496889864	0.000	8000.000	0.0471	8000.000		-cl7
8	Spectrogram 1	1	107.449743250	107.496889864	0.000	8000.000	0.0471	8000.000	-80.72	-cl7
9	Waveform 1	1	108.156942462	108.193612051	0.000	8000.000	0.0367	8000.000		cl8
9	Spectrogram 1	1	108.156942462	108.193612051	0.000	8000.000	0.0367	8000.000	-73.00	cl8
10	Waveform 1	1	108.837949111	109.401089225	0.000	8000.000	0.5631	8000.000		-mo1
10	Spectrogram 1	1	108.837949111	109.401089225	0.000	8000.000	0.5631	8000.000	-82.73	-mo1
11	Waveform 1	1	109.655157090	109.979944877	0.000	8000.000	0.3248	8000.000		-mo2
11	Spectrogram 1	1	109.655157090	109.979944877	0.000	8000.000	0.3248	8000.000	-76.43	-mo2
12	Waveform 1	1	121.515148385	121.934229400	0.000	8000.000	0.4191	8000.000		pu1
12	Spectrogram 1	1	121.515148385	121.934229400	0.000	8000.000	0.4191	8000.000	-79.60	pu1
13	Waveform 1	1	145.947569197	146.387604262	0.000	8000.000	0.4400	8000.000		pu2
13	Spectrogram 1	1	145.947569197	146.387604262	0.000	8000.000	0.4400	8000.000	-79.84	pu2
14	Waveform 1	1	150.190763838	150.222194915	0.000	8000.000	0.0314	8000.000		l1
14	Spectrogram 1	1	150.190763838	150.222194915	0.000	8000.000	0.0314	8000.000	-67.10	l1
15	Waveform 1	1	150.313868887	150.353157732	0.000	8000.000	0.0393	8000.000		l2
15	Spectrogram 1	1	150.313868887	150.353157732	0.000	8000.000	0.0393	8000.000	-70.76	l2
16	Waveform 1	1	150.468405011	150.520790138	0.000	8000.000	0.0524	8000.000		l3
16	Spectrogram 1	1	150.468405011	150.520790138	0.000	8000.000	0.0524	8000.000	-67.75	l3
17	Waveform 1	1	150.664849236	150.714615107	0.000	8000.000	0.0498	8000.000		l4
17	Spectrogram 1	1	150.664849236	150.714615107	0.000	8000.000	0.0498	8000.000	-72.38	l4
18	Waveform 1	1	154.059402488	154.433956145	0.000	8000.000	0.3746	8000.000		pu3
18	Spectrogram 1	1	154.059402488	154.433956145	0.000	8000.000	0.3746	8000.000	-82.17	pu3
19	Waveform 1	1	154.724693599	155.067816180	0.000	8000.000	0.3431	8000.000		pu4
19	Spectrogram 1	1	154.724693599	155.067816180	0.000	8000.000	0.3431	8000.000	-78.83	pu4
20	Waveform 1	1	155.332361070	155.513089758	0.000	8000.000	0.1807	8000.000		pu5
20	Spectrogram 1	1	155.332361070	155.513089758	0.000	8000.000	0.1807	8000.000	-80.27	pu5
21	Waveform 1	1	155.586428935	155.866689364	0.000	8000.000	0.2803	8000.000		pu6
21	Spectrogram 1	1	155.586428935	155.866689364	0.000	8000.000	0.2803	8000.000	-77.77	pu6
22	Waveform 1	1	156.008129207	156.167903843	0.000	8000.000	0.1598	8000.000		pu7
22	Spectrogram 1	1	156.008129207	156.167903843	0.000	8000.000	0.1598	8000.000	-78.37	pu7
23	Waveform 1	1	156.241237031	156.366961336	0.000	8000.000	0.1257	8000.000		pu8
23	Spectrogram 1	1	156.241237031	156.366961336	0.000	8000.000	0.1257	8000.000	-80.02	pu8
24	Waveform 1	1	156.463873820	156.704845404	0.000	8000.000	0.2410	8000.000		pu9
24	Spectrogram 1	1	156.463873820	156.704845404	0.000	8000.000	0.2410	8000.000	-77.47	pu9
25	Waveform 1	1	156.801757888	156.943197731	0.000	8000.000	0.1414	8000.000		pu10
25	Spectrogram 1	1	156.801757888	156.943197731	0.000	8000.000	0.1414	8000.000	-77.33	pu10
26	Waveform 1	1	157.047967985	157.330847670	0.000	8000.000	0.2829	8000.000		pu11
26	Spectrogram 1	1	157.047967985	157.330847670	0.000	8000.000	0.2829	8000.000	-77.15	pu11
27	Waveform 1	1	157.566580740	157.948992166	0.000	8000.000	0.3824	8000.000		pu12
27	Spectrogram 1	1	157.566580740	157.948992166	0.000	8000.000	0.3824	8000.000	-80.83	pu12
28	Waveform 1	1	158.145429323	158.310442473	0.000	8000.000	0.1650	8000.000		pu13
28	Spectrogram 1	1	158.145429323	158.310442473	0.000	8000.000	0.1650	8000.000	-80.13	pu13
29	Waveform 1	1	158.593322158	158.679757617	0.000	8000.000	0.0864	8000.000		pu14
29	Spectrogram 1	1	158.593322158	158.679757617	0.000	8000.000	0.0864	8000.000	-86.12	pu14
30	Waveform 1	1	158.766193076	159.423626418	0.000	8000.000	0.6574	8000.000		pu15
30	Spectrogram 1	1	158.766193076	159.423626418	0.000	8000.000	0.6574	8000.000	-82.43	pu15
31	Waveform 1	1	159.769368256	159.892473304	0.000	8000.000	0.1231	8000.000		pu16
31	Spectrogram 1	1	159.769368256	159.892473304	0.000	8000.000	0.1231	8000.000	-77.66	pu16
32	Waveform 1	1	160.269646217	160.638961361	0.000	8000.000	0.3693	8000.000		pu17
32	Spectrogram 1	1	160.269646217	160.638961361	0.000	8000.000	0.3693	8000.000	-80.15	pu17
33	Waveform 1	1	160.895648483	161.469265622	0.000	8000.000	0.5736	8000.000		pu18
33	Spectrogram 1	1	160.895648483	161.469265622	0.000	8000.000	0.5736	8000.000	-79.35	pu18
34	Waveform 1	1	161.694521667	162.642692463	0.000	8000.000	0.9482	8000.000		pu19
34	Spectrogram 1	1	161.694521667	162.642692463	0.000	8000.000	0.9482	8000.000	-77.30	pu19
35	Waveform 1	1	162.205276654	162.252423268	0.000	8000.000	0.0471	8000.000		cl9
35	Spectrogram 1	1	162.205276654	162.252423268	0.000	8000.000	0.0471	8000.000	-73.90	cl9
36	Waveform 1	1	163.177011280	163.226777150	0.000	8000.000	0.0498	8000.000		cl10
36	Spectrogram 1	1	163.177011280	163.226777150	0.000	8000.000	0.0498	8000.000	-74.20	cl10
37	Waveform 1	1	163.224157894	163.538468655	0.000	8000.000	0.3143	8000.000		pu20
37	Spectrogram 1	1	163.224157894	163.538468655	0.000	8000.000	0.3143	8000.000	-81.53	pu20
38	Waveform 1	1	164.546882347	164.698799215	0.000	8000.000	0.1519	8000.000		pu21
38	Spectrogram 1	1	164.546882347	164.698799215	0.000	8000.000	0.1519	8000.000	-76.91	pu21
39	Waveform 1	1	165.657449091	165.840797035	0.000	8000.000	0.1833	8000.000		pu22
39	Spectrogram 1	1	165.657449091	165.840797035	0.000	8000.000	0.1833	8000.000	-84.33	pu22
40	Waveform 1	1	169.431797187	170.225431859	0.000	8000.000	0.7936	8000.000		pu23
40	Spectrogram 1	1	169.431797187	170.225431859	0.000	8000.000	0.7936	8000.000	-80.57	pu23
41	Waveform 1	1	170.704747974	171.178833372	0.000	8000.000	0.4741	8000.000		pu24
41	Spectrogram 1	1	170.704747974	171.178833372	0.000	8000.000	0.4741	8000.000	-81.55	pu24
42	Waveform 1	1	171.807454894	172.244870703	0.000	8000.000	0.4374	8000.000		pu25
42	Spectrogram 1	1	171.807454894	172.244870703	0.000	8000.000	0.4374	8000.000	-81.73	pu25
43	Waveform 1	1	172.842055238	173.187797075	0.000	8000.000	0.3457	8000.000		pu26
43	Spectrogram 1	1	172.842055238	173.187797075	0.000	8000.000	0.3457	8000.000	-80.63	pu26
44	Waveform 1	1	188.939997421	189.167872723	0.000	8000.000	0.2279	8000.000		pu27
44	Spectrogram 1	1	188.939997421	189.167872723	0.000	8000.000	0.2279	8000.000	-84.76	pu27
45	Waveform 1	1	205.860391924	206.007070279	0.000	8000.000	0.1467	8000.000		-hu1
45	Spectrogram 1	1	205.860391924	206.007070279	0.000	8000.000	0.1467	8000.000	-81.56	-hu1
46	Waveform 1	1	206.614734121	206.769270245	0.000	8000.000	0.1545	8000.000		h2
46	Spectrogram 1	1	206.614734121	206.769270245	0.000	8000.000	0.1545	8000.000	-74.51	h2
47	Waveform 1	1	240.088831269	240.424096081	0.000	8000.000	0.3353	8000.000		pu28
47	Spectrogram 1	1	240.088831269	240.424096081	0.000	8000.000	0.3353	8000.000	-77.21	pu28
48	Waveform 1	1	241.131295293	241.487514156	0.000	8000.000	0.3562	8000.000		pu29
48	Spectrogram 1	1	241.131295293	241.487514156	0.000	8000.000	0.3562	8000.000	-64.13	pu29
49	Waveform 1	1	242.726422112	242.954297413	0.000	8000.000	0.2279	8000.000		pu30
49	Spectrogram 1	1	242.726422112	242.954297413	0.000	8000.000	0.2279	8000.000	-84.87	pu30
50	Waveform 1	1	243.931280029	244.292737405	0.000	8000.000	0.3615	8000.000		pu31
50	Spectrogram 1	1	243.931280029	244.292737405	0.000	8000.000	0.3615	8000.000	-78.42	pu31
51	Waveform 1	1	245.256623739	245.447829452	0.000	8000.000	0.1912	8000.000		pu32
51	Spectrogram 1	1	245.256623739	245.447829452	0.000	8000.000	0.1912	8000.000	-79.75	pu32
52	Waveform 1	1	249.523391752	249.583634648	0.000	8000.000	0.0602	8000.000		l5
52	Spectrogram 1	1	249.523391752	249.583634648	0.000	8000.000	0.0602	8000.000	-76.50	l5
53	Waveform 1	1	252.766030810	252.928424703	0.000	8000.000	0.1624	8000.000		pu33
53	Spectrogram 1	1	252.766030810	252.928424703	0.000	8000.000	0.1624	8000.000	-81.75	pu33
54	Waveform 1	1	253.879214755	254.135901877	0.000	8000.000	0.2567	8000.000		pu34
54	Spectrogram 1	1	253.879214755	254.135901877	0.000	8000.000	0.2567	8000.000	-80.16	pu34
55	Waveform 1	1	254.898105473	255.139077056	0.000	8000.000	0.2410	8000.000		pu35
55	Spectrogram 1	1	254.898105473	255.139077056	0.000	8000.000	0.2410	8000.000	-83.94	pu35
56	Waveform 1	1	259.858976238	260.204718076	0.000	8000.000	0.3457	8000.000		-h3
56	Spectrogram 1	1	259.858976238	260.204718076	0.000	8000.000	0.3457	8000.000	-81.98	-h3
57	Waveform 1	1	283.715160458	284.073998577	0.000	8000.000	0.3588	8000.000		help1
57	Spectrogram 1	1	283.715160458	284.073998577	0.000	8000.000	0.3588	8000.000	-76.91	help1
58	Waveform 1	1	298.836125854	298.891130237	0.000	8000.000	0.0550	8000.000		l6
58	Spectrogram 1	1	298.836125854	298.891130237	0.000	8000.000	0.0550	8000.000	-65.92	l6
59	Waveform 1	1	305.988002145	306.045625785	0.000	8000.000	0.0576	8000.000		l7
59	Spectrogram 1	1	305.988002145	306.045625785	0.000	8000.000	0.0576	8000.000	-71.05	l7
60	Waveform 1	1	306.349459521	306.396606135	0.000	8000.000	0.0471	8000.000		l8
60	Spectrogram 1	1	306.349459521	306.396606135	0.000	8000.000	0.0471	8000.000	-75.26	l8
61	Waveform 1	1	306.729251690	306.765921279	0.000	8000.000	0.0367	8000.000		l9
61	Spectrogram 1	1	306.729251690	306.765921279	0.000	8000.000	0.0367	8000.000	-65.33	l9
62	Waveform 1	1	310.807434947	311.147938272	0.000	8000.000	0.3405	8000.000		mo3
62	Spectrogram 1	1	310.807434947	311.147938272	0.000	8000.000	0.3405	8000.000	-66.83	mo3
63	Waveform 1	1	317.570353359	317.748462790	0.000	8000.000	0.1781	8000.000		y1
63	Spectrogram 1	1	317.570353359	317.748462790	0.000	8000.000	0.1781	8000.000	-62.94	y1
64	Waveform 1	1	317.824421224	317.999911399	0.000	8000.000	0.1755	8000.000		cm1
64	Spectrogram 1	1	317.824421224	317.999911399	0.000	8000.000	0.1755	8000.000	-66.57	cm1
65	Waveform 1	1	324.576861576	324.809975391	0.000	8000.000	0.2331	8000.000		h4
65	Spectrogram 1	1	324.576861576	324.809975391	0.000	8000.000	0.2331	8000.000	-78.68	h4
66	Waveform 1	1	329.579640603	329.765607803	0.000	8000.000	0.1860	8000.000		-ud1
66	Spectrogram 1	1	329.579640603	329.765607803	0.000	8000.000	0.1860	8000.000	-68.34	-ud1
67	Waveform 1	1	330.805452571	331.014993078	0.000	8000.000	0.2095	8000.000		-o1
67	Spectrogram 1	1	330.805452571	331.014993078	0.000	8000.000	0.2095	8000.000	-82.14	-o1
68	Waveform 1	1	331.368592685	331.465505169	0.000	8000.000	0.0969	8000.000		-o2
68	Spectrogram 1	1	331.368592685	331.465505169	0.000	8000.000	0.0969	8000.000	-76.49	-o2
69	Waveform 1	1	331.698618984	331.952686849	0.000	8000.000	0.2541	8000.000		-h5
69	Spectrogram 1	1	331.698618984	331.952686849	0.000	8000.000	0.2541	8000.000	-69.93	-h5
70	Waveform 1	1	334.037614604	334.239297342	0.000	8000.000	0.2017	8000.000		mo4
70	Spectrogram 1	1	334.037614604	334.239297342	0.000	8000.000	0.2017	8000.000	-64.16	mo4
71	Waveform 1	1	335.860616724	336.101588308	0.000	8000.000	0.2410	8000.000		h6
71	Spectrogram 1	1	335.860616724	336.101588308	0.000	8000.000	0.2410	8000.000	-71.14	h6
72	Waveform 1	1	341.125321679	341.439632440	0.000	8000.000	0.3143	8000.000		-h7
72	Spectrogram 1	1	341.125321679	341.439632440	0.000	8000.000	0.3143	8000.000	-74.15	-h7
73	Waveform 1	1	342.448046132	342.665444408	0.000	8000.000	0.2174	8000.000		-h8
73	Spectrogram 1	1	342.448046132	342.665444408	0.000	8000.000	0.2174	8000.000	-78.43	-h8
74	Waveform 1	1	345.847830579	345.921169757	0.000	8000.000	0.0733	8000.000		-sh1
74	Spectrogram 1	1	345.847830579	345.921169757	0.000	8000.000	0.0733	8000.000	-84.78	-sh1
75	Waveform 1	1	346.033797779	346.070467368	0.000	8000.000	0.0367	8000.000		l10
75	Spectrogram 1	1	346.033797779	346.070467368	0.000	8000.000	0.0367	8000.000	-79.13	l10
76	Waveform 1	1	346.096659932	346.143806546	0.000	8000.000	0.0471	8000.000		l11
76	Spectrogram 1	1	346.096659932	346.143806546	0.000	8000.000	0.0471	8000.000	-80.00	l11
77	Waveform 1	1	346.164760596	346.206668698	0.000	8000.000	0.0419	8000.000		l12
77	Spectrogram 1	1	346.164760596	346.206668698	0.000	8000.000	0.0419	8000.000	-76.45	l12
78	Waveform 1	1	346.225003492	346.264292337	0.000	8000.000	0.0393	8000.000		l13
78	Spectrogram 1	1	346.225003492	346.264292337	0.000	8000.000	0.0393	8000.000	-75.43	l13
79	Waveform 1	1	346.471213589	346.701708147	0.000	8000.000	0.2305	8000.000		-h9
79	Spectrogram 1	1	346.471213589	346.701708147	0.000	8000.000	0.2305	8000.000	-80.15	-h9
80	Waveform 1	1	347.801795811	348.058482932	0.000	8000.000	0.2567	8000.000		-h10
80	Spectrogram 1	1	347.801795811	348.058482932	0.000	8000.000	0.2567	8000.000	-72.57	-h10
81	Waveform 1	1	348.063721445	348.380651462	0.000	8000.000	0.3169	8000.000		-h11
81	Spectrogram 1	1	348.063721445	348.380651462	0.000	8000.000	0.3169	8000.000	-75.10	-h11
82	Waveform 1	1	348.867832848	349.242386505	0.000	8000.000	0.3746	8000.000		-h12
82	Spectrogram 1	1	348.867832848	349.242386505	0.000	8000.000	0.3746	8000.000	-83.29	-h12
83	Waveform 1	1	349.509550652	349.609082393	0.000	8000.000	0.0995	8000.000		-sh2
83	Spectrogram 1	1	349.509550652	349.609082393	0.000	8000.000	0.0995	8000.000	-83.85	-sh2
84	Waveform 1	1	350.201034326	350.455102192	0.000	8000.000	0.2541	8000.000		h13
84	Spectrogram 1	1	350.201034326	350.455102192	0.000	8000.000	0.2541	8000.000	-63.96	h13
85	Waveform 1	1	350.944903128	351.031338587	0.000	8000.000	0.0864	8000.000		-sh3
85	Spectrogram 1	1	350.944903128	351.031338587	0.000	8000.000	0.0864	8000.000	-80.15	-sh3
86	Waveform 1	1	351.041815612	351.233021325	0.000	8000.000	0.1912	8000.000		-h14
86	Spectrogram 1	1	351.041815612	351.233021325	0.000	8000.000	0.1912	8000.000	-78.90	-h14
87	Waveform 1	1	351.091581483	351.290644965	0.000	8000.000	0.1991	8000.000		-h15
87	Spectrogram 1	1	351.091581483	351.290644965	0.000	8000.000	0.1991	8000.000	-78.96	-h15
88	Waveform 1	1	352.044990498	352.162857033	0.000	8000.000	0.1179	8000.000		-sh4
88	Spectrogram 1	1	352.044990498	352.162857033	0.000	8000.000	0.1179	8000.000	-72.81	-sh4
89	Waveform 1	1	353.810369272	353.854896630	0.000	8000.000	0.0445	8000.000		l14
89	Spectrogram 1	1	353.810369272	353.854896630	0.000	8000.000	0.0445	8000.000	-70.40	l14
90	Waveform 1	1	354.017290523	354.114203008	0.000	8000.000	0.0969	8000.000		ht1
90	Spectrogram 1	1	354.017290523	354.114203008	0.000	8000.000	0.0969	8000.000	-72.03	ht1
91	Waveform 1	1	355.206432609	355.295487325	0.000	8000.000	0.0891	8000.000		-sh5
91	Spectrogram 1	1	355.206432609	355.295487325	0.000	8000.000	0.0891	8000.000	-72.96	-sh5
92	Waveform 1	1	355.476216012	355.588844035	0.000	8000.000	0.1126	8000.000		-h16
92	Spectrogram 1	1	355.476216012	355.588844035	0.000	8000.000	0.1126	8000.000	-73.80	-h16
93	Waveform 1	1	355.732903134	355.908393309	0.000	8000.000	0.1755	8000.000		-h17
93	Spectrogram 1	1	355.732903134	355.908393309	0.000	8000.000	0.1755	8000.000	-68.68	-h17
94	Waveform 1	1	356.474152679	356.581542189	0.000	8000.000	0.1074	8000.000		-sh6
94	Spectrogram 1	1	356.474152679	356.581542189	0.000	8000.000	0.1074	8000.000	-68.46	-sh6
95	Waveform 1	1	356.633927316	356.798940465	0.000	8000.000	0.1650	8000.000		-h18
95	Spectrogram 1	1	356.633927316	356.798940465	0.000	8000.000	0.1650	8000.000	-75.76	-h18
96	Waveform 1	1	357.527093728	357.658056546	0.000	8000.000	0.1310	8000.000		ud2
96	Spectrogram 1	1	357.527093728	357.658056546	0.000	8000.000	0.1310	8000.000	-70.98	ud2
97	Waveform 1	1	358.339054406	358.614076322	0.000	8000.000	0.2750	8000.000		help2
97	Spectrogram 1	1	358.339054406	358.614076322	0.000	8000.000	0.2750	8000.000	-73.60	help2
98	Waveform 1	1	360.214432395	360.363730007	0.000	8000.000	0.1493	8000.000		-h19
98	Spectrogram 1	1	360.214432395	360.363730007	0.000	8000.000	0.1493	8000.000	-74.36	-h19
99	Waveform 1	1	360.327060418	360.499931337	0.000	8000.000	0.1729	8000.000		h20
99	Spectrogram 1	1	360.327060418	360.499931337	0.000	8000.000	0.1729	8000.000	-69.27	h20
100	Waveform 1	1	362.244356061	362.330791520	0.000	8000.000	0.0864	8000.000		-sh7
100	Spectrogram 1	1	362.244356061	362.330791520	0.000	8000.000	0.0864	8000.000	-78.30	-sh7
101	Waveform 1	1	362.341268545	362.446038799	0.000	8000.000	0.1048	8000.000		-sh8
101	Spectrogram 1	1	362.341268545	362.446038799	0.000	8000.000	0.1048	8000.000	-74.84	-sh8
102	Waveform 1	1	363.428259634	363.677088986	0.000	8000.000	0.2488	8000.000		-h21
102	Spectrogram 1	1	363.428259634	363.677088986	0.000	8000.000	0.2488	8000.000	-75.33	-h21
103	Waveform 1	1	363.637800141	363.729474113	0.000	8000.000	0.0917	8000.000		-sh9
103	Spectrogram 1	1	363.637800141	363.729474113	0.000	8000.000	0.0917	8000.000	-79.19	-sh9
104	Waveform 1	1	363.834244367	364.049023387	0.000	8000.000	0.2148	8000.000		-h22
104	Spectrogram 1	1	363.834244367	364.049023387	0.000	8000.000	0.2148	8000.000	-80.81	-h22
105	Waveform 1	1	365.010290464	365.083629642	0.000	8000.000	0.0733	8000.000		-sh10
105	Spectrogram 1	1	365.010290464	365.083629642	0.000	8000.000	0.0733	8000.000	-80.72	-sh10
106	Waveform 1	1	365.570811322	365.806544393	0.000	8000.000	0.2357	8000.000		h23
106	Spectrogram 1	1	365.570811322	365.806544393	0.000	8000.000	0.2357	8000.000	-69.60	h23
107	Waveform 1	1	366.293726072	366.398496326	0.000	8000.000	0.1048	8000.000		-sh11
107	Spectrogram 1	1	366.293726072	366.398496326	0.000	8000.000	0.1048	8000.000	-75.90	-sh11
108	Waveform 1	1	366.935443582	367.158080371	0.000	8000.000	0.2226	8000.000		-h24
108	Spectrogram 1	1	366.935443582	367.158080371	0.000	8000.000	0.2226	8000.000	-76.83	-h24
109	Waveform 1	1	366.964255402	367.205226985	0.000	8000.000	0.2410	8000.000		-h25
109	Spectrogram 1	1	366.964255402	367.205226985	0.000	8000.000	0.2410	8000.000	-77.84	-h25
110	Waveform 1	1	367.684550896	367.778844124	0.000	8000.000	0.0943	8000.000		-sh12
110	Spectrogram 1	1	367.684550896	367.778844124	0.000	8000.000	0.0943	8000.000	-82.97	-sh12
111	Waveform 1	1	368.310553162	368.496520362	0.000	8000.000	0.1860	8000.000		h26
111	Spectrogram 1	1	368.310553162	368.496520362	0.000	8000.000	0.1860	8000.000	-68.21	h26
112	Waveform 1	1	369.232531395	369.313728341	0.000	8000.000	0.0812	8000.000		-sh13
112	Spectrogram 1	1	369.232531395	369.313728341	0.000	8000.000	0.0812	8000.000	-82.06	-sh13
113	Waveform 1	1	370.691455934	370.893138672	0.000	8000.000	0.2017	8000.000		-h27
113	Spectrogram 1	1	370.691455934	370.893138672	0.000	8000.000	0.2017	8000.000	-75.12	-h27
114	Waveform 1	1	371.726062189	371.967033772	0.000	8000.000	0.2410	8000.000		-h28
114	Spectrogram 1	1	371.726062189	371.967033772	0.000	8000.000	0.2410	8000.000	-79.14	-h28
115	Waveform 1	1	375.550176155	375.767574431	0.000	8000.000	0.2174	8000.000		h29
115	Spectrogram 1	1	375.550176155	375.767574431	0.000	8000.000	0.2174	8000.000	-67.81	h29
116	Waveform 1	1	382.465012017	382.645740705	0.000	8000.000	0.1807	8000.000		h30
116	Spectrogram 1	1	382.465012017	382.645740705	0.000	8000.000	0.1807	8000.000	-69.82	h30
117	Waveform 1	1	458.884428012	458.944670908	0.000	8000.000	0.0602	8000.000		l15
117	Spectrogram 1	1	458.884428012	458.944670908	0.000	8000.000	0.0602	8000.000	-71.67	l15
118	Waveform 1	1	539.829918673	539.871826774	0.000	8000.000	0.0419	8000.000		m1
118	Spectrogram 1	1	539.829918673	539.871826774	0.000	8000.000	0.0419	8000.000	-69.62	m1
119	Waveform 1	1	539.874446030	539.913734876	0.000	8000.000	0.0393	8000.000		m2
119	Spectrogram 1	1	539.874446030	539.913734876	0.000	8000.000	0.0393	8000.000	-70.39	m2
120	Waveform 1	1	540.290907789	540.366866223	0.000	8000.000	0.0760	8000.000		help3
120	Spectrogram 1	1	540.290907789	540.366866223	0.000	8000.000	0.0760	8000.000	-61.86	help3
121	Waveform 1	1	551.841827084	552.072321642	0.000	8000.000	0.2305	8000.000		-h31
121	Spectrogram 1	1	551.841827084	552.072321642	0.000	8000.000	0.2305	8000.000	-80.51	-h31
122	Waveform 1	1	552.088037180	552.300196944	0.000	8000.000	0.2122	8000.000		-h32
122	Spectrogram 1	1	552.088037180	552.300196944	0.000	8000.000	0.2122	8000.000	-82.24	-h32
123	Waveform 1	1	554.246304112	554.508229746	0.000	8000.000	0.2619	8000.000		-h33
123	Spectrogram 1	1	554.246304112	554.508229746	0.000	8000.000	0.2619	8000.000	-75.26	-h33
124	Waveform 1	1	557.352741840	557.596332680	0.000	8000.000	0.2436	8000.000		-h34
124	Spectrogram 1	1	557.352741840	557.596332680	0.000	8000.000	0.2436	8000.000	-83.80	-h34
125	Waveform 1	1	563.366553815	563.638956475	0.000	8000.000	0.2724	8000.000		-h35
125	Spectrogram 1	1	563.366553815	563.638956475	0.000	8000.000	0.2724	8000.000	-76.58	-h35
126	Waveform 1	1	601.057649350	601.157181091	0.000	8000.000	0.0995	8000.000		-sh14
126	Spectrogram 1	1	601.057649350	601.157181091	0.000	8000.000	0.0995	8000.000	-80.99	-sh14
127	Waveform 1	1	609.324021486	609.591185632	0.000	8000.000	0.2672	8000.000		-h36
127	Spectrogram 1	1	609.324021486	609.591185632	0.000	8000.000	0.2672	8000.000	-79.91	-h36
128	Waveform 1	1	611.736356283	612.053286300	0.000	8000.000	0.3169	8000.000		-h37
128	Spectrogram 1	1	611.736356283	612.053286300	0.000	8000.000	0.3169	8000.000	-81.56	-h37
129	Waveform 1	1	616.375058283	616.595075816	0.000	8000.000	0.2200	8000.000		-h38
129	Spectrogram 1	1	616.375058283	616.595075816	0.000	8000.000	0.2200	8000.000	-80.84	-h38
130	Waveform 1	1	619.971296277	620.214887117	0.000	8000.000	0.2436	8000.000		-h39
130	Spectrogram 1	1	619.971296277	620.214887117	0.000	8000.000	0.2436	8000.000	-80.20	-h39
131	Waveform 1	1	646.533172495	646.805575154	0.000	8000.000	0.2724	8000.000		-h40
131	Spectrogram 1	1	646.533172495	646.805575154	0.000	8000.000	0.2724	8000.000	-80.26	-h40
132	Waveform 1	1	651.098535712	651.525474496	0.000	8000.000	0.4269	8000.000		-t1
132	Spectrogram 1	1	651.098535712	651.525474496	0.000	8000.000	0.4269	8000.000	-86.58	-t1
133	Waveform 1	1	652.172430812	652.376732807	0.000	8000.000	0.2043	8000.000		-h41
133	Spectrogram 1	1	652.172430812	652.376732807	0.000	8000.000	0.2043	8000.000	-76.89	-h41
134	Waveform 1	1	654.524522531	654.807402216	0.000	8000.000	0.2829	8000.000		-h42
134	Spectrogram 1	1	654.524522531	654.807402216	0.000	8000.000	0.2829	8000.000	-81.28	-h42
135	Waveform 1	1	656.402529329	656.580638760	0.000	8000.000	0.1781	8000.000		-h43
135	Spectrogram 1	1	656.402529329	656.580638760	0.000	8000.000	0.1781	8000.000	-81.20	-h43
136	Waveform 1	1	657.795970073	657.942648428	0.000	8000.000	0.1467	8000.000		-h44
136	Spectrogram 1	1	657.795970073	657.942648428	0.000	8000.000	0.1467	8000.000	-84.26	-h44
137	Waveform 1	1	659.163221590	659.367523584	0.000	8000.000	0.2043	8000.000		-h45
137	Spectrogram 1	1	659.163221590	659.367523584	0.000	8000.000	0.2043	8000.000	-80.99	-h45
138	Waveform 1	1	659.857324520	659.914948160	0.000	8000.000	0.0576	8000.000		cl11
138	Spectrogram 1	1	659.857324520	659.914948160	0.000	8000.000	0.0576	8000.000	-73.26	cl11
139	Waveform 1	1	660.491184555	660.548808195	0.000	8000.000	0.0576	8000.000		cl12
139	Spectrogram 1	1	660.491184555	660.548808195	0.000	8000.000	0.0576	8000.000	-78.82	cl12
140	Waveform 1	1	661.161714179	661.371254686	0.000	8000.000	0.2095	8000.000		-h46
140	Spectrogram 1	1	661.161714179	661.371254686	0.000	8000.000	0.2095	8000.000	-80.29	-h46
141	Waveform 1	1	662.673024795	662.853753482	0.000	8000.000	0.1807	8000.000		-h47
141	Spectrogram 1	1	662.673024795	662.853753482	0.000	8000.000	0.1807	8000.000	-85.03	-h47
142	Waveform 1	1	663.539998644	663.587145258	0.000	8000.000	0.0471	8000.000		cl13
142	Spectrogram 1	1	663.539998644	663.587145258	0.000	8000.000	0.0471	8000.000	-79.16	cl13
143	Waveform 1	1	664.805099458	665.001543683	0.000	8000.000	0.1964	8000.000		-h48
143	Spectrogram 1	1	664.805099458	665.001543683	0.000	8000.000	0.1964	8000.000	-77.94	-h48
144	Waveform 1	1	665.381335853	665.425863211	0.000	8000.000	0.0445	8000.000		cl14
144	Spectrogram 1	1	665.381335853	665.425863211	0.000	8000.000	0.0445	8000.000	-77.32	cl14
145	Waveform 1	1	666.769541714	667.041944374	0.000	8000.000	0.2724	8000.000		-h49
145	Spectrogram 1	1	666.769541714	667.041944374	0.000	8000.000	0.2724	8000.000	-80.88	-h49
146	Waveform 1	1	681.439994790	681.521191737	0.000	8000.000	0.0812	8000.000		-e1
146	Spectrogram 1	1	681.439994790	681.521191737	0.000	8000.000	0.0812	8000.000	-79.01	-e1
147	Waveform 1	1	682.592462996	682.673659942	0.000	8000.000	0.0812	8000.000		-ht2
147	Spectrogram 1	1	682.592462996	682.673659942	0.000	8000.000	0.0812	8000.000	-74.77	-ht2
148	Waveform 1	1	683.564207099	683.799940169	0.000	8000.000	0.2357	8000.000		-h50
148	Spectrogram 1	1	683.564207099	683.799940169	0.000	8000.000	0.2357	8000.000	-85.85	-h50
149	Waveform 1	1	683.823513477	683.865421578	0.000	8000.000	0.0419	8000.000		l16
149	Spectrogram 1	1	683.823513477	683.865421578	0.000	8000.000	0.0419	8000.000	-78.90	l16
150	Waveform 1	1	728.471350804	728.811854129	0.000	8000.000	0.3405	8000.000		-h51
150	Spectrogram 1	1	728.471350804	728.811854129	0.000	8000.000	0.3405	8000.000	-78.95	-h51
151	Waveform 1	1	731.431110177	731.672081761	0.000	8000.000	0.2410	8000.000		-h52
151	Spectrogram 1	1	731.431110177	731.672081761	0.000	8000.000	0.2410	8000.000	-78.94	-h52
152	Waveform 1	1	798.154039387	798.402868740	0.000	8000.000	0.2488	8000.000		-h53
152	Spectrogram 1	1	798.154039387	798.402868740	0.000	8000.000	0.2488	8000.000	-78.03	-h53
153	Waveform 1	1	802.782265051	802.839888690	0.000	8000.000	0.0576	8000.000		-cl15
153	Spectrogram 1	1	802.782265051	802.839888690	0.000	8000.000	0.0576	8000.000	-81.67	-cl15
154	Waveform 1	1	803.253731192	803.308735576	0.000	8000.000	0.0550	8000.000		cl16
154	Spectrogram 1	1	803.253731192	803.308735576	0.000	8000.000	0.0550	8000.000	-76.00	cl16
155	Waveform 1	1	810.613840633	810.692418323	0.000	8000.000	0.0786	8000.000		cl17
155	Spectrogram 1	1	810.613840633	810.692418323	0.000	8000.000	0.0786	8000.000	-66.54	cl17
156	Waveform 1	1	811.263416206	811.323659102	0.000	8000.000	0.0602	8000.000		cl18
156	Spectrogram 1	1	811.263416206	811.323659102	0.000	8000.000	0.0602	8000.000	-63.40	cl18
157	Waveform 1	1	811.844891114	811.907753266	0.000	8000.000	0.0629	8000.000		cl19
157	Spectrogram 1	1	811.844891114	811.907753266	0.000	8000.000	0.0629	8000.000	-63.39	cl19
158	Waveform 1	1	812.497085943	812.575663634	0.000	8000.000	0.0786	8000.000		cl20
158	Spectrogram 1	1	812.497085943	812.575663634	0.000	8000.000	0.0786	8000.000	-64.69	cl20
159	Waveform 1	1	813.246193257	813.309055409	0.000	8000.000	0.0629	8000.000		cl21
159	Spectrogram 1	1	813.246193257	813.309055409	0.000	8000.000	0.0629	8000.000	-66.45	cl21
160	Waveform 1	1	815.150392324	815.223731502	0.000	8000.000	0.0733	8000.000		cl22
160	Spectrogram 1	1	815.150392324	815.223731502	0.000	8000.000	0.0733	8000.000	-79.92	cl22
161	Waveform 1	1	815.642812517	815.692578387	0.000	8000.000	0.0498	8000.000		cl23
161	Spectrogram 1	1	815.642812517	815.692578387	0.000	8000.000	0.0498	8000.000	-73.36	cl23
162	Waveform 1	1	816.164044529	816.240002963	0.000	8000.000	0.0760	8000.000		cl24
162	Spectrogram 1	1	816.164044529	816.240002963	0.000	8000.000	0.0760	8000.000	-75.66	cl24
163	Waveform 1	1	819.524549828	819.592650493	0.000	8000.000	0.0681	8000.000		cl25
163	Spectrogram 1	1	819.524549828	819.592650493	0.000	8000.000	0.0681	8000.000	-72.26	cl25
164	Waveform 1	1	820.532963520	820.601064185	0.000	8000.000	0.0681	8000.000		cl26
164	Spectrogram 1	1	820.532963520	820.601064185	0.000	8000.000	0.0681	8000.000	-78.57	cl26
165	Waveform 1	1	821.182539093	821.255878271	0.000	8000.000	0.0733	8000.000		cl27
165	Spectrogram 1	1	821.182539093	821.255878271	0.000	8000.000	0.0733	8000.000	-76.18	cl27
166	Waveform 1	1	821.719486643	821.800683590	0.000	8000.000	0.0812	8000.000		cl28
166	Spectrogram 1	1	821.719486643	821.800683590	0.000	8000.000	0.0812	8000.000	-75.79	cl28
167	Waveform 1	1	822.269530475	822.337631140	0.000	8000.000	0.0681	8000.000		cl29
167	Spectrogram 1	1	822.269530475	822.337631140	0.000	8000.000	0.0681	8000.000	-78.21	cl29
168	Waveform 1	1	823.023863698	823.089345107	0.000	8000.000	0.0655	8000.000		cl30
168	Spectrogram 1	1	823.023863698	823.089345107	0.000	8000.000	0.0655	8000.000	-71.60	cl30
169	Waveform 1	1	823.738920680	823.796544319	0.000	8000.000	0.0576	8000.000		cl31
169	Spectrogram 1	1	823.738920680	823.796544319	0.000	8000.000	0.0576	8000.000	-75.79	cl31
170	Waveform 1	1	824.446119892	824.508982044	0.000	8000.000	0.0629	8000.000		cl32
170	Spectrogram 1	1	824.446119892	824.508982044	0.000	8000.000	0.0629	8000.000	-72.74	cl32
171	Waveform 1	1	825.074741414	825.150699848	0.000	8000.000	0.0760	8000.000		cl33
171	Spectrogram 1	1	825.074741414	825.150699848	0.000	8000.000	0.0760	8000.000	-73.18	cl33
172	Waveform 1	1	825.813371703	825.868376086	0.000	8000.000	0.0550	8000.000		cl34
172	Spectrogram 1	1	825.813371703	825.868376086	0.000	8000.000	0.0550	8000.000	-79.92	cl34
173	Waveform 1	1	826.009815635	826.897743535	0.000	8000.000	0.8879	8000.000		mo5
173	Spectrogram 1	1	826.009815635	826.897743535	0.000	8000.000	0.8879	8000.000	-73.33	mo5
174	Waveform 1	1	827.149192144	827.217292809	0.000	8000.000	0.0681	8000.000		cl35
174	Spectrogram 1	1	827.149192144	827.217292809	0.000	8000.000	0.0681	8000.000	-73.32	cl35
175	Waveform 1	1	828.029262275	828.113078478	0.000	8000.000	0.0838	8000.000		cl36
175	Spectrogram 1	1	828.029262275	828.113078478	0.000	8000.000	0.0838	8000.000	-75.85	cl36
176	Waveform 1	1	828.547875031	828.626452721	0.000	8000.000	0.0786	8000.000		cl37
176	Spectrogram 1	1	828.547875031	828.626452721	0.000	8000.000	0.0786	8000.000	-80.38	cl37
177	Waveform 1	1	829.184354322	829.236739449	0.000	8000.000	0.0524	8000.000		cl38
177	Spectrogram 1	1	829.184354322	829.236739449	0.000	8000.000	0.0524	8000.000	-80.37	cl38
178	Waveform 1	1	829.883695471	829.951796136	0.000	8000.000	0.0681	8000.000		cl39
178	Spectrogram 1	1	829.883695471	829.951796136	0.000	8000.000	0.0681	8000.000	-78.90	cl39
179	Waveform 1	1	830.698284194	830.750669321	0.000	8000.000	0.0524	8000.000		cl40
179	Spectrogram 1	1	830.698284194	830.750669321	0.000	8000.000	0.0524	8000.000	-80.41	cl40
180	Waveform 1	1	831.169750336	831.245708770	0.000	8000.000	0.0760	8000.000		cl41
180	Spectrogram 1	1	831.169750336	831.245708770	0.000	8000.000	0.0760	8000.000	-78.02	cl41
181	Waveform 1	1	831.701459373	831.772179294	0.000	8000.000	0.0707	8000.000		cl42
181	Spectrogram 1	1	831.701459373	831.772179294	0.000	8000.000	0.0707	8000.000	-78.47	cl42
182	Waveform 1	1	832.379846766	832.458424456	0.000	8000.000	0.0786	8000.000		cl43
182	Spectrogram 1	1	832.379846766	832.458424456	0.000	8000.000	0.0786	8000.000	-80.51	cl43
183	Waveform 1	1	832.997990969	833.055614608	0.000	8000.000	0.0576	8000.000		cl44
183	Spectrogram 1	1	832.997990969	833.055614608	0.000	8000.000	0.0576	8000.000	-80.30	cl44
184	Waveform 1	1	833.419691240	833.474695623	0.000	8000.000	0.0550	8000.000		cl45
184	Spectrogram 1	1	833.419691240	833.474695623	0.000	8000.000	0.0550	8000.000	-82.38	cl45
185	Waveform 1	1	834.428104932	834.483109315	0.000	8000.000	0.0550	8000.000		cl46
185	Spectrogram 1	1	834.428104932	834.483109315	0.000	8000.000	0.0550	8000.000	-70.97	cl46
186	Waveform 1	1	835.064584223	835.116969350	0.000	8000.000	0.0524	8000.000		cl47
186	Spectrogram 1	1	835.064584223	835.116969350	0.000	8000.000	0.0524	8000.000	-81.68	cl47
187	Waveform 1	1	835.653916900	835.711540540	0.000	8000.000	0.0576	8000.000		cl48
187	Spectrogram 1	1	835.653916900	835.711540540	0.000	8000.000	0.0576	8000.000	-78.33	cl48
188	Waveform 1	1	836.355862168	836.434439858	0.000	8000.000	0.0786	8000.000		cl49
188	Spectrogram 1	1	836.355862168	836.434439858	0.000	8000.000	0.0786	8000.000	-78.19	cl49
189	Waveform 1	1	837.057822868	837.118065764	0.000	8000.000	0.0602	8000.000		cl50
189	Spectrogram 1	1	837.057822868	837.118065764	0.000	8000.000	0.0602	8000.000	-77.59	cl50
190	Waveform 1	1	837.476903883	837.545004547	0.000	8000.000	0.0681	8000.000		cl51
190	Spectrogram 1	1	837.476903883	837.545004547	0.000	8000.000	0.0681	8000.000	-82.56	cl51
191	Waveform 1	1	837.717875466	839.113939097	0.000	8000.000	1.3961	8000.000		pu36
191	Spectrogram 1	1	837.717875466	839.113939097	0.000	8000.000	1.3961	8000.000	-74.64	pu36
192	Waveform 1	1	839.671840404	839.732083299	0.000	8000.000	0.0602	8000.000		cl52
192	Spectrogram 1	1	839.671840404	839.732083299	0.000	8000.000	0.0602	8000.000	-79.35	cl52
193	Waveform 1	1	840.232361261	840.295223413	0.000	8000.000	0.0629	8000.000		cl53
193	Spectrogram 1	1	840.232361261	840.295223413	0.000	8000.000	0.0629	8000.000	-82.61	cl53
194	Waveform 1	1	841.411026615	841.497462074	0.000	8000.000	0.0864	8000.000		cl54
194	Spectrogram 1	1	841.411026615	841.497462074	0.000	8000.000	0.0864	8000.000	-76.56	cl54
195	Waveform 1	1	843.653109750	843.721210415	0.000	8000.000	0.0681	8000.000		cl55
195	Spectrogram 1	1	843.653109750	843.721210415	0.000	8000.000	0.0681	8000.000	-81.33	cl55
196	Waveform 1	1	872.590651177	873.020209217	0.000	8000.000	0.4296	8000.000		t2
196	Spectrogram 1	1	872.590651177	873.020209217	0.000	8000.000	0.4296	8000.000	-64.11	t2
197	Waveform 1	1	875.312058223	875.547791294	0.000	8000.000	0.2357	8000.000		t3
197	Spectrogram 1	1	875.312058223	875.547791294	0.000	8000.000	0.2357	8000.000	-61.75	t3
198	Waveform 1	1	890.435642875	890.681852971	0.000	8000.000	0.2462	8000.000		t4
198	Spectrogram 1	1	890.435642875	890.681852971	0.000	8000.000	0.2462	8000.000	-73.82	t4
199	Waveform 1	1	893.280155263	893.686139996	0.000	8000.000	0.4060	8000.000		t5
199	Spectrogram 1	1	893.280155263	893.686139996	0.000	8000.000	0.4060	8000.000	-77.47	t5
200	Waveform 1	1	894.883139850	895.019341180	0.000	8000.000	0.1362	8000.000		-sh15
200	Spectrogram 1	1	894.883139850	895.019341180	0.000	8000.000	0.1362	8000.000	-78.29	-sh15
201	Waveform 1	1	895.778925520	895.875838004	0.000	8000.000	0.0969	8000.000		b1
201	Spectrogram 1	1	895.778925520	895.875838004	0.000	8000.000	0.0969	8000.000	-64.94	b1
202	Waveform 1	1	898.306507596	898.631295383	0.000	8000.000	0.3248	8000.000		-t6
202	Spectrogram 1	1	898.306507596	898.631295383	0.000	8000.000	0.3248	8000.000	-71.27	-t6
203	Waveform 1	1	898.592006538	898.922032837	0.000	8000.000	0.3300	8000.000		t7
203	Spectrogram 1	1	898.592006538	898.922032837	0.000	8000.000	0.3300	8000.000	-65.39	t7
204	Waveform 1	1	901.829407083	902.107048255	0.000	8000.000	0.2776	8000.000		h54
204	Spectrogram 1	1	901.829407083	902.107048255	0.000	8000.000	0.2776	8000.000	-63.41	h54
205	Waveform 1	1	903.649789947	903.851472685	0.000	8000.000	0.2017	8000.000		-t8
205	Spectrogram 1	1	903.649789947	903.851472685	0.000	8000.000	0.2017	8000.000	-73.95	-t8
206	Waveform 1	1	905.700667663	905.975689579	0.000	8000.000	0.2750	8000.000		h55
206	Spectrogram 1	1	905.700667663	905.975689579	0.000	8000.000	0.2750	8000.000	-64.78	h55
207	Waveform 1	1	909.380722531	909.600740063	0.000	8000.000	0.2200	8000.000		h56
207	Spectrogram 1	1	909.380722531	909.600740063	0.000	8000.000	0.2200	8000.000	-65.71	h56
208	Waveform 1	1	954.353348955	954.573366488	0.000	8000.000	0.2200	8000.000		-h57
208	Spectrogram 1	1	954.353348955	954.573366488	0.000	8000.000	0.2200	8000.000	-66.97	-h57
209	Waveform 1	1	958.520585208	958.829657457	0.000	8000.000	0.3091	8000.000		-t9
209	Spectrogram 1	1	958.520585208	958.829657457	0.000	8000.000	0.3091	8000.000	-80.50	-t9
210	Waveform 1	1	959.534237413	959.783066765	0.000	8000.000	0.2488	8000.000		-h58
210	Spectrogram 1	1	959.534237413	959.783066765	0.000	8000.000	0.2488	8000.000	-73.73	-h58
211	Waveform 1	1	985.789656818	986.447090160	0.000	8000.000	0.6574	8000.000		-mo6
211	Spectrogram 1	1	985.789656818	986.447090160	0.000	8000.000	0.6574	8000.000	-74.52	-mo6
212	Waveform 1	1	987.870652513	988.203298069	0.000	8000.000	0.3326	8000.000		mo7
212	Spectrogram 1	1	987.870652513	988.203298069	0.000	8000.000	0.3326	8000.000	-58.95	mo7
213	Waveform 1	1	989.877002578	990.285606567	0.000	8000.000	0.4086	8000.000		mo8
213	Spectrogram 1	1	989.877002578	990.285606567	0.000	8000.000	0.4086	8000.000	-68.35	mo8
214	Waveform 1	1	990.825173374	991.466891178	0.000	8000.000	0.6417	8000.000		-mo9
214	Spectrogram 1	1	990.825173374	991.466891178	0.000	8000.000	0.6417	8000.000	-71.65	-mo9
215	Waveform 1	1	992.506735946	992.742469016	0.000	8000.000	0.2357	8000.000		-mo10
215	Spectrogram 1	1	992.506735946	992.742469016	0.000	8000.000	0.2357	8000.000	-71.21	-mo10
216	Waveform 1	1	996.933278434	997.210919606	0.000	8000.000	0.2776	8000.000		t10
216	Spectrogram 1	1	996.933278434	997.210919606	0.000	8000.000	0.2776	8000.000	-80.62	t10
217	Waveform 1	1	999.741120939	1000.089482033	0.000	8000.000	0.3484	8000.000		-mo11
217	Spectrogram 1	1	999.741120939	1000.089482033	0.000	8000.000	0.3484	8000.000	-80.96	-mo11
218	Waveform 1	1	1000.482370484	1000.919786293	0.000	8000.000	0.4374	8000.000		-mo12
218	Spectrogram 1	1	1000.482370484	1000.919786293	0.000	8000.000	0.4374	8000.000	-80.91	-mo12
219	Waveform 1	1	1017.965897650	1018.584042146	0.000	8000.000	0.6181	8000.000		pu37
219	Spectrogram 1	1	1017.965897650	1018.584042146	0.000	8000.000	0.6181	8000.000	-79.80	pu37
220	Waveform 1	1	1018.607615453	1018.927164727	0.000	8000.000	0.3195	8000.000		help4
220	Spectrogram 1	1	1018.607615453	1018.927164727	0.000	8000.000	0.3195	8000.000	-70.02	help4
221	Waveform 1	1	1029.068924404	1029.108213249	0.000	8000.000	0.0393	8000.000		-ca1
221	Spectrogram 1	1	1029.068924404	1029.108213249	0.000	8000.000	0.0393	8000.000	-78.01	-ca1
222	Waveform 1	1	1029.152740607	1029.192029452	0.000	8000.000	0.0393	8000.000		-ca2
222	Spectrogram 1	1	1029.152740607	1029.192029452	0.000	8000.000	0.0393	8000.000	-72.15	-ca2
223	Waveform 1	1	1029.241795322	1029.286322680	0.000	8000.000	0.0445	8000.000		-ca3
223	Spectrogram 1	1	1029.241795322	1029.286322680	0.000	8000.000	0.0445	8000.000	-72.79	-ca3
224	Waveform 1	1	1029.333469294	1029.377996652	0.000	8000.000	0.0445	8000.000		-ca4
224	Spectrogram 1	1	1029.333469294	1029.377996652	0.000	8000.000	0.0445	8000.000	-72.59	-ca4
225	Waveform 1	1	1029.430381779	1029.474909137	0.000	8000.000	0.0445	8000.000		-ca5
225	Spectrogram 1	1	1029.430381779	1029.474909137	0.000	8000.000	0.0445	8000.000	-74.39	-ca5
226	Waveform 1	1	1029.527294264	1029.577060134	0.000	8000.000	0.0498	8000.000		-ca6
226	Spectrogram 1	1	1029.527294264	1029.577060134	0.000	8000.000	0.0498	8000.000	-75.67	-ca6
227	Waveform 1	1	1052.026703894	1052.065992739	0.000	8000.000	0.0393	8000.000		-ca7
227	Spectrogram 1	1	1052.026703894	1052.065992739	0.000	8000.000	0.0393	8000.000	-68.28	-ca7
228	Waveform 1	1	1052.079089021	1052.136712661	0.000	8000.000	0.0576	8000.000		-ca8
228	Spectrogram 1	1	1052.079089021	1052.136712661	0.000	8000.000	0.0576	8000.000	-66.33	-ca8
229	Waveform 1	1	1052.152428199	1052.204813326	0.000	8000.000	0.0524	8000.000		-ca9
229	Spectrogram 1	1	1052.152428199	1052.204813326	0.000	8000.000	0.0524	8000.000	-63.06	-ca9
230	Waveform 1	1	1052.231005889	1052.291248785	0.000	8000.000	0.0602	8000.000		-ca10
230	Spectrogram 1	1	1052.231005889	1052.291248785	0.000	8000.000	0.0602	8000.000	-62.10	-ca10
231	Waveform 1	1	1052.325299117	1052.382922757	0.000	8000.000	0.0576	8000.000		-ca11
231	Spectrogram 1	1	1052.325299117	1052.382922757	0.000	8000.000	0.0576	8000.000	-62.68	-ca11
232	Waveform 1	1	1052.419592346	1052.474596729	0.000	8000.000	0.0550	8000.000		-ca12
232	Spectrogram 1	1	1052.419592346	1052.474596729	0.000	8000.000	0.0550	8000.000	-63.62	-ca12
233	Waveform 1	1	1052.718187569	1052.775811208	0.000	8000.000	0.0576	8000.000		-ca13
233	Spectrogram 1	1	1052.718187569	1052.775811208	0.000	8000.000	0.0576	8000.000	-67.78	-ca13
234	Waveform 1	1	1052.796765259	1052.862246668	0.000	8000.000	0.0655	8000.000		-ca14
234	Spectrogram 1	1	1052.796765259	1052.862246668	0.000	8000.000	0.0655	8000.000	-66.30	-ca14
235	Waveform 1	1	1053.024640561	1053.074406431	0.000	8000.000	0.0498	8000.000		ca15
235	Spectrogram 1	1	1053.024640561	1053.074406431	0.000	8000.000	0.0498	8000.000	-59.56	ca15
236	Waveform 1	1	1053.084883457	1053.150364865	0.000	8000.000	0.0655	8000.000		ca16
236	Spectrogram 1	1	1053.084883457	1053.150364865	0.000	8000.000	0.0655	8000.000	-65.29	ca16
237	Waveform 1	1	1053.168699660	1053.228942555	0.000	8000.000	0.0602	8000.000		ca17
237	Spectrogram 1	1	1053.168699660	1053.228942555	0.000	8000.000	0.0602	8000.000	-60.28	ca17
238	Waveform 1	1	1053.268231401	1053.325855040	0.000	8000.000	0.0576	8000.000		ca18
238	Spectrogram 1	1	1053.268231401	1053.325855040	0.000	8000.000	0.0576	8000.000	-63.48	ca18
239	Waveform 1	1	1053.490868190	1053.532776291	0.000	8000.000	0.0419	8000.000		-ca19
239	Spectrogram 1	1	1053.490868190	1053.532776291	0.000	8000.000	0.0419	8000.000	-65.54	-ca19
240	Waveform 1	1	1053.551111086	1053.619211751	0.000	8000.000	0.0681	8000.000		-ca20
240	Spectrogram 1	1	1053.551111086	1053.619211751	0.000	8000.000	0.0681	8000.000	-67.52	-ca20
241	Waveform 1	1	1053.637546545	1053.708266466	0.000	8000.000	0.0707	8000.000		-ca21
241	Spectrogram 1	1	1053.637546545	1053.708266466	0.000	8000.000	0.0707	8000.000	-67.94	-ca21
242	Waveform 1	1	1053.865421847	1053.917806974	0.000	8000.000	0.0524	8000.000		-ca22
242	Spectrogram 1	1	1053.865421847	1053.917806974	0.000	8000.000	0.0524	8000.000	-69.26	-ca22
243	Waveform 1	1	1053.930903255	1053.980669126	0.000	8000.000	0.0498	8000.000		-ca23
243	Spectrogram 1	1	1053.930903255	1053.980669126	0.000	8000.000	0.0498	8000.000	-66.46	-ca23
244	Waveform 1	1	1054.001623177	1054.064485329	0.000	8000.000	0.0629	8000.000		-ca24
244	Spectrogram 1	1	1054.001623177	1054.064485329	0.000	8000.000	0.0629	8000.000	-67.90	-ca24
245	Waveform 1	1	1054.085439379	1054.143063019	0.000	8000.000	0.0576	8000.000		-ca25
245	Spectrogram 1	1	1054.085439379	1054.143063019	0.000	8000.000	0.0576	8000.000	-67.88	-ca25
246	Waveform 1	1	1054.169255582	1054.229498478	0.000	8000.000	0.0602	8000.000		-ca26
246	Spectrogram 1	1	1054.169255582	1054.229498478	0.000	8000.000	0.0602	8000.000	-67.90	-ca26
247	Waveform 1	1	1054.274025836	1054.352603526	0.000	8000.000	0.0786	8000.000		-ca27
247	Spectrogram 1	1	1054.274025836	1054.352603526	0.000	8000.000	0.0786	8000.000	-66.01	-ca27
248	Waveform 1	1	1081.734307259	1081.993613637	0.000	8000.000	0.2593	8000.000		-t11
248	Spectrogram 1	1	1081.734307259	1081.993613637	0.000	8000.000	0.2593	8000.000	-78.54	-t11
249	Waveform 1	1	1128.254912406	1128.302059020	0.000	8000.000	0.0471	8000.000		cl56
249	Spectrogram 1	1	1128.254912406	1128.302059020	0.000	8000.000	0.0471	8000.000	-63.76	cl56
250	Waveform 1	1	1228.451938565	1228.509562205	0.000	8000.000	0.0576	8000.000		cl57
250	Spectrogram 1	1	1228.451938565	1228.509562205	0.000	8000.000	0.0576	8000.000	-76.14	cl57
251	Waveform 1	1	1228.721721969	1228.779345608	0.000	8000.000	0.0576	8000.000		cl58
251	Spectrogram 1	1	1228.721721969	1228.779345608	0.000	8000.000	0.0576	8000.000	-80.02	cl58
252	Waveform 1	1	1229.332008696	1229.376536054	0.000	8000.000	0.0445	8000.000		cl59
252	Spectrogram 1	1	1229.332008696	1229.376536054	0.000	8000.000	0.0445	8000.000	-80.97	cl59
253	Waveform 1	1	1241.291519813	1244.175321046	0.000	8000.000	2.8838	8000.000		pu38
253	Spectrogram 1	1	1241.291519813	1244.175321046	0.000	8000.000	2.8838	8000.000	-76.40	pu38
254	Waveform 1	1	1254.165163580	1254.544955750	0.000	8000.000	0.3798	8000.000		-mo13
254	Spectrogram 1	1	1254.165163580	1254.544955750	0.000	8000.000	0.3798	8000.000	-76.79	-mo13
255	Waveform 1	1	1366.169790656	1366.211698758	0.000	8000.000	0.0419	8000.000		l17
255	Spectrogram 1	1	1366.169790656	1366.211698758	0.000	8000.000	0.0419	8000.000	-77.80	l17
256	Waveform 1	1	1374.789762397	1375.056926544	0.000	8000.000	0.2672	8000.000		-t12
256	Spectrogram 1	1	1374.789762397	1375.056926544	0.000	8000.000	0.2672	8000.000	-78.87	-t12
257	Waveform 1	1	1379.580381954	1379.640624850	0.000	8000.000	0.0602	8000.000		cl60
257	Spectrogram 1	1	1379.580381954	1379.640624850	0.000	8000.000	0.0602	8000.000	-79.72	cl60
258	Waveform 1	1	1380.326869718	1380.381874101	0.000	8000.000	0.0550	8000.000		cl61
258	Spectrogram 1	1	1380.326869718	1380.381874101	0.000	8000.000	0.0550	8000.000	-83.51	cl61
259	Waveform 1	1	1381.880088729	1381.948189394	0.000	8000.000	0.0681	8000.000		cl62
259	Spectrogram 1	1	1381.880088729	1381.948189394	0.000	8000.000	0.0681	8000.000	-77.82	cl62
260	Waveform 1	1	1404.681735762	1405.120176498	0.000	8000.000	0.4384	8000.000		-t13
260	Spectrogram 1	1	1404.681735762	1405.120176498	0.000	8000.000	0.4384	8000.000	-78.13	-t13
261	Waveform 1	1	1414.134521582	1414.342467759	0.000	8000.000	0.2079	8000.000		-h59
261	Spectrogram 1	1	1414.134521582	1414.342467759	0.000	8000.000	0.2079	8000.000	-76.01	-h59
262	Waveform 1	1	1423.386867034	1423.446996049	0.000	8000.000	0.0601	8000.000		ca28
262	Spectrogram 1	1	1423.386867034	1423.446996049	0.000	8000.000	0.0601	8000.000	-63.15	ca28
263	Waveform 1	1	1423.464533679	1423.527168070	0.000	8000.000	0.0626	8000.000		ca29
263	Spectrogram 1	1	1423.464533679	1423.527168070	0.000	8000.000	0.0626	8000.000	-63.38	ca29
264	Waveform 1	1	1423.569759455	1423.609845466	0.000	8000.000	0.0401	8000.000		ca30
264	Spectrogram 1	1	1423.569759455	1423.609845466	0.000	8000.000	0.0401	8000.000	-64.03	ca30
265	Waveform 1	1	1423.637404597	1423.695028237	0.000	8000.000	0.0576	8000.000		ca31
265	Spectrogram 1	1	1423.637404597	1423.695028237	0.000	8000.000	0.0576	8000.000	-62.50	ca31
266	Waveform 1	1	1423.727598120	1423.780211009	0.000	8000.000	0.0526	8000.000		ca32
266	Spectrogram 1	1	1423.727598120	1423.780211009	0.000	8000.000	0.0526	8000.000	-58.73	ca32
267	Waveform 1	1	1423.802759389	1423.870404531	0.000	8000.000	0.0676	8000.000		ca33
267	Spectrogram 1	1	1423.802759389	1423.870404531	0.000	8000.000	0.0676	8000.000	-55.45	ca33
268	Waveform 1	1	1423.890447536	1423.965608805	0.000	8000.000	0.0752	8000.000		ca34
268	Spectrogram 1	1	1423.890447536	1423.965608805	0.000	8000.000	0.0752	8000.000	-54.40	ca34
269	Waveform 1	1	1423.998178688	1424.068329206	0.000	8000.000	0.0702	8000.000		ca35
269	Spectrogram 1	1	1423.998178688	1424.068329206	0.000	8000.000	0.0702	8000.000	-53.69	ca35
270	Waveform 1	1	1424.248716252	1424.316361394	0.000	8000.000	0.0676	8000.000		ca36
270	Spectrogram 1	1	1424.248716252	1424.316361394	0.000	8000.000	0.0676	8000.000	-60.33	ca36
271	Waveform 1	1	1424.346425901	1424.429103297	0.000	8000.000	0.0827	8000.000		ca37
271	Spectrogram 1	1	1424.346425901	1424.429103297	0.000	8000.000	0.0827	8000.000	-61.39	ca37
272	Waveform 1	1	1433.944518585	1434.438077584	0.000	8000.000	0.4936	8000.000		-t14
272	Spectrogram 1	1	1433.944518585	1434.438077584	0.000	8000.000	0.4936	8000.000	-76.36	-t14
273	Waveform 1	1	1437.639947188	1437.680033198	0.000	8000.000	0.0401	8000.000		-l18
273	Spectrogram 1	1	1437.639947188	1437.680033198	0.000	8000.000	0.0401	8000.000	-78.37	-l18
274	Waveform 1	1	1437.730140710	1437.775237472	0.000	8000.000	0.0451	8000.000		-l19
274	Spectrogram 1	1	1437.730140710	1437.775237472	0.000	8000.000	0.0451	8000.000	-76.05	-l19
275	Waveform 1	1	1449.983931110	1450.031533247	0.000	8000.000	0.0476	8000.000		cl63
275	Spectrogram 1	1	1449.983931110	1450.031533247	0.000	8000.000	0.0476	8000.000	-76.62	cl63
276	Waveform 1	1	1480.612142708	1481.013002809	0.000	8000.000	0.4009	8000.000		-t15
276	Spectrogram 1	1	1480.612142708	1481.013002809	0.000	8000.000	0.4009	8000.000	-74.65	-t15
277	Waveform 1	1	1481.328675886	1481.453944667	0.000	8000.000	0.1253	8000.000		-l20
277	Spectrogram 1	1	1481.328675886	1481.453944667	0.000	8000.000	0.1253	8000.000	-75.44	-l20
278	Waveform 1	1	1481.536622063	1481.594245703	0.000	8000.000	0.0576	8000.000		-l21
278	Spectrogram 1	1	1481.536622063	1481.594245703	0.000	8000.000	0.0576	8000.000	-72.75	-l21
279	Waveform 1	1	1481.694460728	1481.772127373	0.000	8000.000	0.0777	8000.000		-l22
279	Spectrogram 1	1	1481.694460728	1481.772127373	0.000	8000.000	0.0777	8000.000	-76.87	-l22
280	Waveform 1	1	1481.982578926	1482.047718692	0.000	8000.000	0.0651	8000.000		-l23
280	Spectrogram 1	1	1481.982578926	1482.047718692	0.000	8000.000	0.0651	8000.000	-72.60	-l23
281	Waveform 1	1	1482.145428342	1482.305772382	0.000	8000.000	0.1603	8000.000		-l24
281	Spectrogram 1	1	1482.145428342	1482.305772382	0.000	8000.000	0.1603	8000.000	-75.71	-l24
282	Waveform 1	1	1485.091749631	1485.510147361	0.000	8000.000	0.4184	8000.000		-t16
282	Spectrogram 1	1	1485.091749631	1485.510147361	0.000	8000.000	0.4184	8000.000	-81.22	-t16
283	Waveform 1	1	1488.957543777	1489.223113594	0.000	8000.000	0.2656	8000.000		-t17
283	Spectrogram 1	1	1488.957543777	1489.223113594	0.000	8000.000	0.2656	8000.000	-83.43	-t17
284	Waveform 1	1	1528.494870241	1528.888214215	0.000	8000.000	0.3933	8000.000		-t18
284	Spectrogram 1	1	1528.494870241	1528.888214215	0.000	8000.000	0.3933	8000.000	-76.87	-t18
285	Waveform 1	1	1529.036031377	1529.211407671	0.000	8000.000	0.1754	8000.000		-t19
285	Spectrogram 1	1	1529.036031377	1529.211407671	0.000	8000.000	0.1754	8000.000	-79.40	-t19
286	Waveform 1	1	1530.792299695	1531.185643669	0.000	8000.000	0.3933	8000.000		-t20
286	Spectrogram 1	1	1530.792299695	1531.185643669	0.000	8000.000	0.3933	8000.000	-80.06	-t20
287	Waveform 1	1	1531.042837258	1531.243267309	0.000	8000.000	0.2004	8000.000		-t21
287	Spectrogram 1	1	1531.042837258	1531.243267309	0.000	8000.000	0.2004	8000.000	-79.00	-t21
288	Waveform 1	1	1533.340266259	1533.711061852	0.000	8000.000	0.3708	8000.000		-t22
288	Spectrogram 1	1	1533.340266259	1533.711061852	0.000	8000.000	0.3708	8000.000	-74.45	-t22
289	Waveform 1	1	1538.735590991	1539.006171559	0.000	8000.000	0.2706	8000.000		-t23
289	Spectrogram 1	1	1538.735590991	1539.006171559	0.000	8000.000	0.2706	8000.000	-74.40	-t23
290	Waveform 1	1	1541.594224132	1541.837245569	0.000	8000.000	0.2430	8000.000		-h60
290	Spectrogram 1	1	1541.594224132	1541.837245569	0.000	8000.000	0.2430	8000.000	-75.15	-h60
291	Waveform 1	1	1544.655794493	1544.916353559	0.000	8000.000	0.2606	8000.000		-t24
291	Spectrogram 1	1	1544.655794493	1544.916353559	0.000	8000.000	0.2606	8000.000	-75.41	-t24
292	Waveform 1	1	1546.086363979	1546.311847786	0.000	8000.000	0.2255	8000.000		-t25
292	Spectrogram 1	1	1546.086363979	1546.311847786	0.000	8000.000	0.2255	8000.000	-73.96	-t25
293	Waveform 1	1	1547.030890592	1547.281428155	0.000	8000.000	0.2505	8000.000		-h61
293	Spectrogram 1	1	1547.030890592	1547.281428155	0.000	8000.000	0.2505	8000.000	-75.92	-h61
294	Waveform 1	1	1548.050578020	1548.428889740	0.000	8000.000	0.3783	8000.000		-t26
294	Spectrogram 1	1	1548.050578020	1548.428889740	0.000	8000.000	0.3783	8000.000	-73.84	-t26
295	Waveform 1	1	1552.465049429	1552.683017109	0.000	8000.000	0.2180	8000.000		h62
295	Spectrogram 1	1	1552.465049429	1552.683017109	0.000	8000.000	0.2180	8000.000	-71.84	h62
296	Waveform 1	1	1554.529478496	1554.764983805	0.000	8000.000	0.2355	8000.000		h63
296	Spectrogram 1	1	1554.529478496	1554.764983805	0.000	8000.000	0.2355	8000.000	-69.17	h63
297	Waveform 1	1	1573.354868269	1573.755728370	0.000	8000.000	0.4009	8000.000		-mo14
297	Spectrogram 1	1	1573.354868269	1573.755728370	0.000	8000.000	0.4009	8000.000	-78.77	-mo14
298	Waveform 1	1	1611.268711948	1611.601926907	0.000	8000.000	0.3332	8000.000		-t27
298	Spectrogram 1	1	1611.268711948	1611.601926907	0.000	8000.000	0.3332	8000.000	-77.29	-t27
299	Waveform 1	1	1612.325980465	1612.561485774	0.000	8000.000	0.2355	8000.000		-t28
299	Spectrogram 1	1	1612.325980465	1612.561485774	0.000	8000.000	0.2355	8000.000	-80.05	-t28
300	Waveform 1	1	1613.911882681	1614.813817908	0.000	8000.000	0.9019	8000.000		help5
300	Spectrogram 1	1	1613.911882681	1614.813817908	0.000	8000.000	0.9019	8000.000	-67.24	help5
301	Waveform 1	1	1626.331025664	1626.378627801	0.000	8000.000	0.0476	8000.000		ca38
301	Spectrogram 1	1	1626.331025664	1626.378627801	0.000	8000.000	0.0476	8000.000	-69.10	ca38
302	Waveform 1	1	1626.418713811	1626.473832075	0.000	8000.000	0.0551	8000.000		ca39
302	Spectrogram 1	1	1626.418713811	1626.473832075	0.000	8000.000	0.0551	8000.000	-61.63	ca39
303	Waveform 1	1	1626.491369704	1626.556509471	0.000	8000.000	0.0651	8000.000		ca40
303	Spectrogram 1	1	1626.491369704	1626.556509471	0.000	8000.000	0.0651	8000.000	-61.90	ca40
304	Waveform 1	1	1626.589079354	1626.654219121	0.000	8000.000	0.0651	8000.000		ca41
304	Spectrogram 1	1	1626.589079354	1626.654219121	0.000	8000.000	0.0651	8000.000	-63.73	ca41
305	Waveform 1	1	1626.679272877	1626.724369638	0.000	8000.000	0.0451	8000.000		ca42
305	Spectrogram 1	1	1626.679272877	1626.724369638	0.000	8000.000	0.0451	8000.000	-71.18	ca42
306	Waveform 1	1	1626.744412643	1626.799530907	0.000	8000.000	0.0551	8000.000		ca43
306	Spectrogram 1	1	1626.744412643	1626.799530907	0.000	8000.000	0.0551	8000.000	-68.12	ca43
307	Waveform 1	1	1628.559563679	1628.612176568	0.000	8000.000	0.0526	8000.000		ca44
307	Spectrogram 1	1	1628.559563679	1628.612176568	0.000	8000.000	0.0526	8000.000	-69.36	ca44
308	Waveform 1	1	1628.634724948	1628.692348588	0.000	8000.000	0.0576	8000.000		ca45
308	Spectrogram 1	1	1628.634724948	1628.692348588	0.000	8000.000	0.0576	8000.000	-67.37	ca45
309	Waveform 1	1	1628.704875466	1628.767509857	0.000	8000.000	0.0626	8000.000		ca46
309	Spectrogram 1	1	1628.704875466	1628.767509857	0.000	8000.000	0.0626	8000.000	-65.20	ca46
310	Waveform 1	1	1628.780036735	1628.852692628	0.000	8000.000	0.0727	8000.000		ca47
310	Spectrogram 1	1	1628.780036735	1628.852692628	0.000	8000.000	0.0727	8000.000	-65.23	ca47
311	Waveform 1	1	1628.877746385	1628.940380775	0.000	8000.000	0.0626	8000.000		ca48
311	Spectrogram 1	1	1628.877746385	1628.940380775	0.000	8000.000	0.0626	8000.000	-65.38	ca48
312	Waveform 1	1	1628.965434532	1629.058133430	0.000	8000.000	0.0927	8000.000		ca49
312	Spectrogram 1	1	1628.965434532	1629.058133430	0.000	8000.000	0.0927	8000.000	-68.42	ca49
313	Waveform 1	1	1632.124712749	1632.172314886	0.000	8000.000	0.0476	8000.000		ca50
313	Spectrogram 1	1	1632.124712749	1632.172314886	0.000	8000.000	0.0476	8000.000	-69.45	ca50
314	Waveform 1	1	1632.207390145	1632.254992282	0.000	8000.000	0.0476	8000.000		ca51
314	Spectrogram 1	1	1632.207390145	1632.254992282	0.000	8000.000	0.0476	8000.000	-66.52	ca51
315	Waveform 1	1	1632.282551414	1632.350196556	0.000	8000.000	0.0676	8000.000		ca52
315	Spectrogram 1	1	1632.282551414	1632.350196556	0.000	8000.000	0.0676	8000.000	-66.46	ca52
316	Waveform 1	1	1632.405314820	1632.457927708	0.000	8000.000	0.0526	8000.000		ca53
316	Spectrogram 1	1	1632.405314820	1632.457927708	0.000	8000.000	0.0526	8000.000	-65.71	ca53
317	Waveform 1	1	1690.422289700	1690.750493907	0.000	8000.000	0.3282	8000.000		-t29
317	Spectrogram 1	1	1690.422289700	1690.750493907	0.000	8000.000	0.3282	8000.000	-72.65	-t29
318	Waveform 1	1	1698.907996057	1699.208641133	0.000	8000.000	0.3006	8000.000		-t30
318	Spectrogram 1	1	1698.907996057	1699.208641133	0.000	8000.000	0.3006	8000.000	-76.00	-t30
319	Waveform 1	1	1703.948810920	1704.224402239	0.000	8000.000	0.2756	8000.000		-t31
319	Spectrogram 1	1	1703.948810920	1704.224402239	0.000	8000.000	0.2756	8000.000	-79.80	-t31
320	Waveform 1	1	1708.581250009	1708.859346704	0.000	8000.000	0.2781	8000.000		h64
320	Spectrogram 1	1	1708.581250009	1708.859346704	0.000	8000.000	0.2781	8000.000	-60.96	h64
321	Waveform 1	1	1709.525778409	1709.763789094	0.000	8000.000	0.2380	8000.000		t32
321	Spectrogram 1	1	1709.525778409	1709.763789094	0.000	8000.000	0.2380	8000.000	-72.58	t32
322	Waveform 1	1	1754.910650673	1755.171209739	0.000	8000.000	0.2606	8000.000		-t33
322	Spectrogram 1	1	1754.910650673	1755.171209739	0.000	8000.000	0.2606	8000.000	-84.07	-t33
323	Waveform 1	1	1771.436106070	1771.696665136	0.000	8000.000	0.2606	8000.000		t34
323	Spectrogram 1	1	1771.436106070	1771.696665136	0.000	8000.000	0.2606	8000.000	-71.89	t34
324	Waveform 1	1	1773.159804051	1773.370255604	0.000	8000.000	0.2105	8000.000		pu39
324	Spectrogram 1	1	1773.159804051	1773.370255604	0.000	8000.000	0.2105	8000.000	-67.63	pu39
325	Waveform 1	1	1786.583604870	1786.871723068	0.000	8000.000	0.2881	8000.000		-t35
325	Spectrogram 1	1	1786.583604870	1786.871723068	0.000	8000.000	0.2881	8000.000	-66.57	-t35
326	Waveform 1	1	1817.600150652	1817.813107581	0.000	8000.000	0.2130	8000.000		mo15
326	Spectrogram 1	1	1817.600150652	1817.813107581	0.000	8000.000	0.2130	8000.000	-77.68	mo15
327	Waveform 1	1	1859.121735096	1859.164326481	0.000	8000.000	0.0426	8000.000		cl64
327	Spectrogram 1	1	1859.121735096	1859.164326481	0.000	8000.000	0.0426	8000.000	-71.82	cl64
328	Waveform 1	1	1859.522595197	1859.567691958	0.000	8000.000	0.0451	8000.000		cl65
328	Spectrogram 1	1	1859.522595197	1859.567691958	0.000	8000.000	0.0451	8000.000	-72.36	cl65
329	Waveform 1	1	1860.126390724	1860.171487485	0.000	8000.000	0.0451	8000.000		cl66
329	Spectrogram 1	1	1860.126390724	1860.171487485	0.000	8000.000	0.0451	8000.000	-76.02	cl66
330	Waveform 1	1	1863.215518424	1863.258109810	0.000	8000.000	0.0426	8000.000		m3
330	Spectrogram 1	1	1863.215518424	1863.258109810	0.000	8000.000	0.0426	8000.000	-71.51	m3
331	Waveform 1	1	1868.178666643	1868.396634323	0.000	8000.000	0.2180	8000.000		hu2
331	Spectrogram 1	1	1868.178666643	1868.396634323	0.000	8000.000	0.2180	8000.000	-60.42	hu2
332	Waveform 1	1	1869.894848951	1870.230569285	0.000	8000.000	0.3357	8000.000		h65
332	Spectrogram 1	1	1869.894848951	1870.230569285	0.000	8000.000	0.3357	8000.000	-64.51	h65
333	Waveform 1	1	1875.895221883	1875.960361649	0.000	8000.000	0.0651	8000.000		m4
333	Spectrogram 1	1	1875.895221883	1875.960361649	0.000	8000.000	0.0651	8000.000	-66.12	m4
334	Waveform 1	1	1876.053060548	1876.105673436	0.000	8000.000	0.0526	8000.000		l25
334	Spectrogram 1	1	1876.053060548	1876.105673436	0.000	8000.000	0.0526	8000.000	-73.77	l25
335	Waveform 1	1	1878.565951313	1878.919209277	0.000	8000.000	0.3533	8000.000		-t36
335	Spectrogram 1	1	1878.565951313	1878.919209277	0.000	8000.000	0.3533	8000.000	-74.75	-t36
336	Waveform 1	1	1879.430305906	1879.675832718	0.000	8000.000	0.2455	8000.000		-t37
336	Spectrogram 1	1	1879.430305906	1879.675832718	0.000	8000.000	0.2455	8000.000	-78.85	-t37
337	Waveform 1	1	1879.640757459	1879.893800397	0.000	8000.000	0.2530	8000.000		-t38
337	Spectrogram 1	1	1879.640757459	1879.893800397	0.000	8000.000	0.2530	8000.000	-77.40	-t38
338	Waveform 1	1	1880.956079665	1881.191584975	0.000	8000.000	0.2355	8000.000		t39
338	Spectrogram 1	1	1880.956079665	1881.191584975	0.000	8000.000	0.2355	8000.000	-73.94	t39
339	Waveform 1	1	1900.059567290	1900.104664051	0.000	8000.000	0.0451	8000.000		-ca54
339	Spectrogram 1	1	1900.059567290	1900.104664051	0.000	8000.000	0.0451	8000.000	-75.33	-ca54
340	Waveform 1	1	1900.154771564	1900.194857574	0.000	8000.000	0.0401	8000.000		-ca55
340	Spectrogram 1	1	1900.154771564	1900.194857574	0.000	8000.000	0.0401	8000.000	-72.33	-ca55
341	Waveform 1	1	1900.249975838	1900.307599477	0.000	8000.000	0.0576	8000.000		-ca56
341	Spectrogram 1	1	1900.249975838	1900.307599477	0.000	8000.000	0.0576	8000.000	-70.33	-ca56
342	Waveform 1	1	1900.372739244	1900.417836005	0.000	8000.000	0.0451	8000.000		-ca57
342	Spectrogram 1	1	1900.372739244	1900.417836005	0.000	8000.000	0.0451	8000.000	-72.42	-ca57
343	Waveform 1	1	1924.101148220	1924.334148154	0.000	8000.000	0.2330	8000.000		-t40
343	Spectrogram 1	1	1924.101148220	1924.334148154	0.000	8000.000	0.2330	8000.000	-81.61	-t40
344	Waveform 1	1	1942.127323167	1942.392892984	0.000	8000.000	0.2656	8000.000		-h66
344	Spectrogram 1	1	1942.127323167	1942.392892984	0.000	8000.000	0.2656	8000.000	-78.63	-h66
345	Waveform 1	1	1944.111580667	1944.159182805	0.000	8000.000	0.0476	8000.000		ca58
345	Spectrogram 1	1	1944.111580667	1944.159182805	0.000	8000.000	0.0476	8000.000	-72.51	ca58
346	Waveform 1	1	1944.191752688	1944.244365576	0.000	8000.000	0.0526	8000.000		ca59
346	Spectrogram 1	1	1944.191752688	1944.244365576	0.000	8000.000	0.0526	8000.000	-66.73	ca59
347	Waveform 1	1	1944.274430084	1944.337064474	0.000	8000.000	0.0626	8000.000		ca60
347	Spectrogram 1	1	1944.274430084	1944.337064474	0.000	8000.000	0.0626	8000.000	-61.11	ca60
348	Waveform 1	1	1944.359612855	1944.432268748	0.000	8000.000	0.0727	8000.000		ca61
348	Spectrogram 1	1	1944.359612855	1944.432268748	0.000	8000.000	0.0727	8000.000	-61.25	ca61
349	Waveform 1	1	1944.575075159	1944.642720301	0.000	8000.000	0.0676	8000.000		ca62
349	Spectrogram 1	1	1944.575075159	1944.642720301	0.000	8000.000	0.0676	8000.000	-67.78	ca62
350	Waveform 1	1	1944.685311687	1944.750451454	0.000	8000.000	0.0651	8000.000		ca63
350	Spectrogram 1	1	1944.685311687	1944.750451454	0.000	8000.000	0.0651	8000.000	-63.29	ca63
351	Waveform 1	1	1944.915806245	1944.980946012	0.000	8000.000	0.0651	8000.000		ca64
351	Spectrogram 1	1	1944.915806245	1944.980946012	0.000	8000.000	0.0651	8000.000	-66.52	ca64
352	Waveform 1	1	1945.000989017	1945.061118032	0.000	8000.000	0.0601	8000.000		ca65
352	Spectrogram 1	1	1945.000989017	1945.061118032	0.000	8000.000	0.0601	8000.000	-65.60	ca65
353	Waveform 1	1	1945.091182540	1945.173859935	0.000	8000.000	0.0827	8000.000		ca66
353	Spectrogram 1	1	1945.091182540	1945.173859935	0.000	8000.000	0.0827	8000.000	-65.65	ca66
354	Waveform 1	1	1956.184984021	1956.230080782	0.000	8000.000	0.0451	8000.000		cl67
354	Spectrogram 1	1	1956.184984021	1956.230080782	0.000	8000.000	0.0451	8000.000	-79.63	cl67
355	Waveform 1	1	1956.625930132	1956.683553772	0.000	8000.000	0.0576	8000.000		cl68
355	Spectrogram 1	1	1956.625930132	1956.683553772	0.000	8000.000	0.0576	8000.000	-83.61	cl68
356	Waveform 1	1	1956.798801051	1957.041822487	0.000	8000.000	0.2430	8000.000		cm2
356	Spectrogram 1	1	1956.798801051	1957.041822487	0.000	8000.000	0.2430	8000.000	-79.84	cm2
357	Waveform 1	1	1958.309542103	1958.352133489	0.000	8000.000	0.0426	8000.000		cl69
357	Spectrogram 1	1	1958.309542103	1958.352133489	0.000	8000.000	0.0426	8000.000	-81.67	cl69
358	Waveform 1	1	1958.993509650	1959.036101036	0.000	8000.000	0.0426	8000.000		cl70
358	Spectrogram 1	1	1958.993509650	1959.036101036	0.000	8000.000	0.0426	8000.000	-77.11	cl70
359	Waveform 1	1	1959.492079401	1959.532165411	0.000	8000.000	0.0401	8000.000		cl71
359	Spectrogram 1	1	1959.492079401	1959.532165411	0.000	8000.000	0.0401	8000.000	-80.06	cl71
360	Waveform 1	1	1959.872896497	1959.920498634	0.000	8000.000	0.0476	8000.000		cl72
360	Spectrogram 1	1	1959.872896497	1959.920498634	0.000	8000.000	0.0476	8000.000	-83.08	cl72
361	Waveform 1	1	1960.040756665	1960.105896431	0.000	8000.000	0.0651	8000.000		ca67
361	Spectrogram 1	1	1960.040756665	1960.105896431	0.000	8000.000	0.0651	8000.000	-65.79	ca67
362	Waveform 1	1	1960.120928685	1960.188573827	0.000	8000.000	0.0676	8000.000		ca68
362	Spectrogram 1	1	1960.120928685	1960.188573827	0.000	8000.000	0.0676	8000.000	-61.43	ca68
363	Waveform 1	1	1960.193584578	1960.273756598	0.000	8000.000	0.0802	8000.000		ca69
363	Spectrogram 1	1	1960.193584578	1960.273756598	0.000	8000.000	0.0802	8000.000	-61.61	ca69
364	Waveform 1	1	1960.286283476	1960.358939370	0.000	8000.000	0.0727	8000.000		ca70
364	Spectrogram 1	1	1960.286283476	1960.358939370	0.000	8000.000	0.0727	8000.000	-60.72	ca70
365	Waveform 1	1	1960.381487750	1960.446627517	0.000	8000.000	0.0651	8000.000		ca71
365	Spectrogram 1	1	1960.381487750	1960.446627517	0.000	8000.000	0.0651	8000.000	-61.13	ca71
366	Waveform 1	1	1960.489218903	1960.571896298	0.000	8000.000	0.0827	8000.000		ca72
366	Spectrogram 1	1	1960.489218903	1960.571896298	0.000	8000.000	0.0827	8000.000	-66.58	ca72
367	Waveform 1	1	1970.245150251	1970.345365276	0.000	8000.000	0.1002	8000.000		b2
367	Spectrogram 1	1	1970.245150251	1970.345365276	0.000	8000.000	0.1002	8000.000	-67.93	b2
368	Waveform 1	1	1976.350749758	1976.408373397	0.000	8000.000	0.0576	8000.000		cl73
368	Spectrogram 1	1	1976.350749758	1976.408373397	0.000	8000.000	0.0576	8000.000	-74.17	cl73
369	Waveform 1	1	2026.115018668	2026.175147683	0.000	8000.000	0.0601	8000.000		l26
369	Spectrogram 1	1	2026.115018668	2026.175147683	0.000	8000.000	0.0601	8000.000	-73.06	l26
370	Waveform 1	1	2026.257825079	2026.330480972	0.000	8000.000	0.0727	8000.000		l27
370	Spectrogram 1	1	2026.257825079	2026.330480972	0.000	8000.000	0.0727	8000.000	-73.87	l27
371	Waveform 1	1	2030.431781772	2030.476878533	0.000	8000.000	0.0451	8000.000		cl74
371	Spectrogram 1	1	2030.431781772	2030.476878533	0.000	8000.000	0.0451	8000.000	-77.52	cl74
372	Waveform 1	1	2030.702362340	2030.749964477	0.000	8000.000	0.0476	8000.000		cl75
372	Spectrogram 1	1	2030.702362340	2030.749964477	0.000	8000.000	0.0476	8000.000	-81.77	cl75
373	Waveform 1	1	2033.814023192	2033.866636081	0.000	8000.000	0.0526	8000.000		cl76
373	Spectrogram 1	1	2033.814023192	2033.866636081	0.000	8000.000	0.0526	8000.000	-69.63	cl76