Selection	View	Channel	Begin Time (s)	End Time (s)	Low Freq (Hz)	High Freq (Hz)	Delta Time (s)	Delta Freq (Hz)	Avg Power Density (dB FS/Hz)	Annotation
1	Waveform 1	1	33.985389931	34.092464263	0.000	11025.000	0.1071	11025.000		m
1	Spectrogram 1	1	33.985389931	34.092464263	0.000	11025.000	0.1071	11025.000	-78.72	m
2	Waveform 1	1	34.116938396	34.205657128	0.000	11025.000	0.0887	11025.000		m
2	Spectrogram 1	1	34.116938396	34.205657128	0.000	11025.000	0.0887	11025.000	-77.48	m
3	Waveform 1	1	34.309672194	34.413687259	0.000	11025.000	0.1040	11025.000		m
3	Spectrogram 1	1	34.309672194	34.413687259	0.000	11025.000	0.1040	11025.000	-76.93	m
4	Waveform 1	1	35.144851985	35.245807783	0.000	11025.000	0.1010	11025.000		m
4	Spectrogram 1	1	35.144851985	35.245807783	0.000	11025.000	0.1010	11025.000	-80.68	m
5	Waveform 1	1	35.493608381	35.609860513	0.000	11025.000	0.1163	11025.000		m
5	Spectrogram 1	1	35.493608381	35.609860513	0.000	11025.000	0.1163	11025.000	-83.88	m
6	Waveform 1	1	185.835130235	185.887137768	0.000	11025.000	0.0520	11025.000		cl
6	Spectrogram 1	1	185.835130235	185.887137768	0.000	11025.000	0.0520	11025.000	-67.54	cl
7	Waveform 1	1	223.038868320	223.197950185	0.000	11025.000	0.1591	11025.000		l
7	Spectrogram 1	1	223.038868320	223.197950185	0.000	11025.000	0.1591	11025.000	-80.06	l
8	Waveform 1	1	223.947466493	224.033125959	0.000	11025.000	0.0857	11025.000		l
8	Spectrogram 1	1	223.947466493	224.033125959	0.000	11025.000	0.0857	11025.000	-75.42	l
9	Waveform 1	1	231.797528607	231.950491939	0.000	11025.000	0.1530	11025.000		l
9	Spectrogram 1	1	231.797528607	231.950491939	0.000	11025.000	0.1530	11025.000	-73.74	l
10	Waveform 1	1	232.418559734	232.574582332	0.000	11025.000	0.1560	11025.000		l
10	Spectrogram 1	1	232.418559734	232.574582332	0.000	11025.000	0.1560	11025.000	-72.63	l
11	Waveform 1	1	234.465201314	234.581453446	0.000	11025.000	0.1163	11025.000		l
11	Spectrogram 1	1	234.465201314	234.581453446	0.000	11025.000	0.1163	11025.000	-78.05	l
12	Waveform 1	1	234.648757312	234.820076243	0.000	11025.000	0.1713	11025.000		l
12	Spectrogram 1	1	234.648757312	234.820076243	0.000	11025.000	0.1713	11025.000	-76.27	l
13	Waveform 1	1	237.151237074	237.267489206	0.000	11025.000	0.1163	11025.000		l
13	Spectrogram 1	1	237.151237074	237.267489206	0.000	11025.000	0.1163	11025.000	-79.76	l
14	Waveform 1	1	240.357348505	240.473600637	0.000	11025.000	0.1163	11025.000		l
14	Spectrogram 1	1	240.357348505	240.473600637	0.000	11025.000	0.1163	11025.000	-81.60	l
15	Waveform 1	1	293.496802543	293.631410275	0.000	11025.000	0.1346	11025.000		l
15	Spectrogram 1	1	293.496802543	293.631410275	0.000	11025.000	0.1346	11025.000	-75.33	l
16	Waveform 1	1	302.013799052	302.182058717	0.000	11025.000	0.1683	11025.000		sh
16	Spectrogram 1	1	302.013799052	302.182058717	0.000	11025.000	0.1683	11025.000	-79.40	sh
17	Waveform 1	1	305.486066336	305.730807667	0.000	11025.000	0.2447	11025.000		t
17	Spectrogram 1	1	305.486066336	305.730807667	0.000	11025.000	0.2447	11025.000	-79.30	t
18	Waveform 1	1	307.749923301	308.205754029	0.000	11025.000	0.4558	11025.000		pu
18	Spectrogram 1	1	307.749923301	308.205754029	0.000	11025.000	0.4558	11025.000	-74.83	pu
19	Waveform 1	1	314.761762080	315.034036810	0.000	11025.000	0.2723	11025.000		pu
19	Spectrogram 1	1	314.761762080	315.034036810	0.000	11025.000	0.2723	11025.000	-78.93	pu
20	Waveform 1	1	319.136512678	319.384313275	0.000	11025.000	0.2478	11025.000		pu
20	Spectrogram 1	1	319.136512678	319.384313275	0.000	11025.000	0.2478	11025.000	-77.42	pu
21	Waveform 1	1	321.146450855	322.027519645	0.000	11025.000	0.8811	11025.000		pu
21	Spectrogram 1	1	321.146450855	322.027519645	0.000	11025.000	0.8811	11025.000	-72.50	pu
22	Waveform 1	1	322.116238378	322.171305177	0.000	11025.000	0.0551	11025.000		b
22	Spectrogram 1	1	322.116238378	322.171305177	0.000	11025.000	0.0551	11025.000	-76.19	b
23	Waveform 1	1	322.204957110	322.486409640	0.000	11025.000	0.2815	11025.000		t
23	Spectrogram 1	1	322.204957110	322.486409640	0.000	11025.000	0.2815	11025.000	-72.20	t
24	Waveform 1	1	322.336505575	322.547594973	0.000	11025.000	0.2111	11025.000		pu
24	Spectrogram 1	1	322.336505575	322.547594973	0.000	11025.000	0.2111	11025.000	-75.10	pu
25	Waveform 1	1	322.991188291	323.251225955	0.000	11025.000	0.2600	11025.000		t
25	Spectrogram 1	1	322.991188291	323.251225955	0.000	11025.000	0.2600	11025.000	-71.34	t
26	Waveform 1	1	324.000746280	324.169005945	0.000	11025.000	0.1683	11025.000		pu
26	Spectrogram 1	1	324.000746280	324.169005945	0.000	11025.000	0.1683	11025.000	-78.95	pu
27	Waveform 1	1	324.912407736	325.135734201	0.000	11025.000	0.2233	11025.000		t
27	Spectrogram 1	1	324.912407736	325.135734201	0.000	11025.000	0.2233	11025.000	-64.61	t
28	Waveform 1	1	325.640513195	326.160588522	0.000	11025.000	0.5201	11025.000		pu
28	Spectrogram 1	1	325.640513195	326.160588522	0.000	11025.000	0.5201	11025.000	-67.86	pu
29	Waveform 1	1	327.320050233	327.986970359	0.000	11025.000	0.6669	11025.000		pu
29	Spectrogram 1	1	327.320050233	327.986970359	0.000	11025.000	0.6669	11025.000	-76.70	pu
30	Waveform 1	1	328.081807624	328.295956289	0.000	11025.000	0.2141	11025.000		pu
30	Spectrogram 1	1	328.081807624	328.295956289	0.000	11025.000	0.2141	11025.000	-78.12	pu
31	Waveform 1	1	329.978546516	330.706651974	0.000	11025.000	0.7281	11025.000		pu
31	Spectrogram 1	1	329.978546516	330.706651974	0.000	11025.000	0.7281	11025.000	-79.18	pu
32	Waveform 1	1	330.975867438	331.251201435	0.000	11025.000	0.2753	11025.000		h
32	Spectrogram 1	1	330.975867438	331.251201435	0.000	11025.000	0.2753	11025.000	-71.98	h
33	Waveform 1	1	334.393067923	334.570505388	0.000	11025.000	0.1774	11025.000		pu
33	Spectrogram 1	1	334.393067923	334.570505388	0.000	11025.000	0.1774	11025.000	-76.47	pu
34	Waveform 1	1	335.136469715	335.310847913	0.000	11025.000	0.1744	11025.000		t
34	Spectrogram 1	1	335.136469715	335.310847913	0.000	11025.000	0.1744	11025.000	-74.02	t
35	Waveform 1	1	337.042392484	337.207592882	0.000	11025.000	0.1652	11025.000		pu
35	Spectrogram 1	1	337.042392484	337.207592882	0.000	11025.000	0.1652	11025.000	-77.88	pu
36	Waveform 1	1	337.363615480	337.513519545	0.000	11025.000	0.1499	11025.000		pu
36	Spectrogram 1	1	337.363615480	337.513519545	0.000	11025.000	0.1499	11025.000	-77.05	pu
37	Waveform 1	1	337.975468806	338.100898738	0.000	11025.000	0.1254	11025.000		pu
37	Spectrogram 1	1	337.975468806	338.100898738	0.000	11025.000	0.1254	11025.000	-80.55	pu
38	Waveform 1	1	338.140669205	338.321165936	0.000	11025.000	0.1805	11025.000		sh
38	Spectrogram 1	1	338.140669205	338.321165936	0.000	11025.000	0.1805	11025.000	-73.54	sh
39	Waveform 1	1	338.180439671	338.394588335	0.000	11025.000	0.2141	11025.000		pu
39	Spectrogram 1	1	338.180439671	338.394588335	0.000	11025.000	0.2141	11025.000	-75.33	pu
40	Waveform 1	1	341.083682472	341.732246998	0.000	11025.000	0.6486	11025.000		pu
40	Spectrogram 1	1	341.083682472	341.732246998	0.000	11025.000	0.6486	11025.000	-78.14	pu
41	Waveform 1	1	342.454233924	342.653086255	0.000	11025.000	0.1989	11025.000		sh
41	Spectrogram 1	1	342.454233924	342.653086255	0.000	11025.000	0.1989	11025.000	-68.73	sh
42	Waveform 1	1	342.659204788	342.815227386	0.000	11025.000	0.1560	11025.000		ud
42	Spectrogram 1	1	342.659204788	342.815227386	0.000	11025.000	0.1560	11025.000	-76.91	ud
43	Waveform 1	1	343.700882389	343.752889922	0.000	11025.000	0.0520	11025.000		l
43	Spectrogram 1	1	343.700882389	343.752889922	0.000	11025.000	0.0520	11025.000	-72.85	l
44	Waveform 1	1	343.789601121	343.832430854	0.000	11025.000	0.0428	11025.000		l
44	Spectrogram 1	1	343.789601121	343.832430854	0.000	11025.000	0.0428	11025.000	-70.26	l
45	Waveform 1	1	343.881379120	343.921149586	0.000	11025.000	0.0398	11025.000		l
45	Spectrogram 1	1	343.881379120	343.921149586	0.000	11025.000	0.0398	11025.000	-67.88	l
46	Waveform 1	1	343.982334919	344.028223919	0.000	11025.000	0.0459	11025.000		l
46	Spectrogram 1	1	343.982334919	344.028223919	0.000	11025.000	0.0459	11025.000	-66.42	l
47	Waveform 1	1	344.101646318	344.468758314	0.000	11025.000	0.3671	11025.000		pu
47	Spectrogram 1	1	344.101646318	344.468758314	0.000	11025.000	0.3671	11025.000	-77.05	pu
48	Waveform 1	1	345.239693505	345.362064170	0.000	11025.000	0.1224	11025.000		sh
48	Spectrogram 1	1	345.239693505	345.362064170	0.000	11025.000	0.1224	11025.000	-73.47	sh
49	Waveform 1	1	350.914632422	351.437767016	0.000	11025.000	0.5231	11025.000		pu
49	Spectrogram 1	1	350.914632422	351.437767016	0.000	11025.000	0.5231	11025.000	-78.62	pu
50	Waveform 1	1	352.453441083	353.095887076	0.000	11025.000	0.6424	11025.000		pu
50	Spectrogram 1	1	352.453441083	353.095887076	0.000	11025.000	0.6424	11025.000	-80.93	pu
51	Waveform 1	1	353.747510526	354.261467320	0.000	11025.000	0.5140	11025.000		pu
51	Spectrogram 1	1	353.747510526	354.261467320	0.000	11025.000	0.5140	11025.000	-76.45	pu
52	Waveform 1	1	355.732974570	355.937945434	0.000	11025.000	0.2050	11025.000		sh
52	Spectrogram 1	1	355.732974570	355.937945434	0.000	11025.000	0.2050	11025.000	-75.12	sh
53	Waveform 1	1	359.419390519	359.820154448	0.000	11025.000	0.4008	11025.000		pu
53	Spectrogram 1	1	359.419390519	359.820154448	0.000	11025.000	0.4008	11025.000	-73.09	pu
54	Waveform 1	1	360.272925909	360.664512038	0.000	11025.000	0.3916	11025.000		pu
54	Spectrogram 1	1	360.272925909	360.664512038	0.000	11025.000	0.3916	11025.000	-74.67	pu
55	Waveform 1	1	361.358965221	361.441565420	0.000	11025.000	0.0826	11025.000		m
55	Spectrogram 1	1	361.358965221	361.441565420	0.000	11025.000	0.0826	11025.000	-66.30	m
56	Waveform 1	1	361.536402685	361.600647285	0.000	11025.000	0.0642	11025.000		m
56	Spectrogram 1	1	361.536402685	361.600647285	0.000	11025.000	0.0642	11025.000	-62.11	m
57	Waveform 1	1	361.692425284	361.750551350	0.000	11025.000	0.0581	11025.000		m
57	Spectrogram 1	1	361.692425284	361.750551350	0.000	11025.000	0.0581	11025.000	-73.01	m
58	Waveform 1	1	361.823973749	361.894336881	0.000	11025.000	0.0704	11025.000		m
58	Spectrogram 1	1	361.823973749	361.894336881	0.000	11025.000	0.0704	11025.000	-52.40	m
59	Waveform 1	1	365.259529834	365.452263632	0.000	11025.000	0.1927	11025.000		h
59	Spectrogram 1	1	365.259529834	365.452263632	0.000	11025.000	0.1927	11025.000	-66.53	h
60	Waveform 1	1	366.929889415	367.113445413	0.000	11025.000	0.1836	11025.000		sh
60	Spectrogram 1	1	366.929889415	367.113445413	0.000	11025.000	0.1836	11025.000	-67.68	sh
61	Waveform 1	1	367.122623213	367.196045612	0.000	11025.000	0.0734	11025.000		ud
61	Spectrogram 1	1	367.122623213	367.196045612	0.000	11025.000	0.0734	11025.000	-69.61	ud
62	Waveform 1	1	370.986476193	371.166972924	0.000	11025.000	0.1805	11025.000		t
62	Spectrogram 1	1	370.986476193	371.166972924	0.000	11025.000	0.1805	11025.000	-72.84	t
63	Waveform 1	1	373.657215290	373.947845620	0.000	11025.000	0.2906	11025.000		t
63	Spectrogram 1	1	373.657215290	373.947845620	0.000	11025.000	0.2906	11025.000	-72.54	t
64	Waveform 1	1	374.636180612	374.844210743	0.000	11025.000	0.2080	11025.000		t
64	Spectrogram 1	1	374.636180612	374.844210743	0.000	11025.000	0.2080	11025.000	-78.28	t
65	Waveform 1	1	375.596790335	375.869065065	0.000	11025.000	0.2723	11025.000		t
65	Spectrogram 1	1	375.596790335	375.869065065	0.000	11025.000	0.2723	11025.000	-71.18	t
66	Waveform 1	1	378.102329693	378.316478358	0.000	11025.000	0.2141	11025.000		sh
66	Spectrogram 1	1	378.102329693	378.316478358	0.000	11025.000	0.2141	11025.000	-68.39	sh
67	Waveform 1	1	379.830815341	380.026608405	0.000	11025.000	0.1958	11025.000		sh
67	Spectrogram 1	1	379.830815341	380.026608405	0.000	11025.000	0.1958	11025.000	-71.44	sh
68	Waveform 1	1	381.069821164	381.984541887	0.000	11025.000	0.9147	11025.000		pu
68	Spectrogram 1	1	381.069821164	381.984541887	0.000	11025.000	0.9147	11025.000	-77.64	pu
69	Waveform 1	1	383.529471536	383.700790468	0.000	11025.000	0.1713	11025.000		sh
69	Spectrogram 1	1	383.529471536	383.700790468	0.000	11025.000	0.1713	11025.000	-68.38	sh
70	Waveform 1	1	385.163119575	385.230423441	0.000	11025.000	0.0673	11025.000		m
70	Spectrogram 1	1	385.163119575	385.230423441	0.000	11025.000	0.0673	11025.000	-77.88	m
71	Waveform 1	1	385.417038705	385.511875971	0.000	11025.000	0.0948	11025.000		m
71	Spectrogram 1	1	385.417038705	385.511875971	0.000	11025.000	0.0948	11025.000	-71.35	m
72	Waveform 1	1	385.851454567	385.918758433	0.000	11025.000	0.0673	11025.000		m
72	Spectrogram 1	1	385.851454567	385.918758433	0.000	11025.000	0.0673	11025.000	-66.03	m
73	Waveform 1	1	388.913780123	389.189114120	0.000	11025.000	0.2753	11025.000		h
73	Spectrogram 1	1	388.913780123	389.189114120	0.000	11025.000	0.2753	11025.000	-67.16	h
74	Waveform 1	1	389.458329584	389.654122648	0.000	11025.000	0.1958	11025.000		sh
74	Spectrogram 1	1	389.458329584	389.654122648	0.000	11025.000	0.1958	11025.000	-78.66	sh
75	Waveform 1	1	390.660621370	390.905362701	0.000	11025.000	0.2447	11025.000		t
75	Spectrogram 1	1	390.660621370	390.905362701	0.000	11025.000	0.2447	11025.000	-70.83	t
76	Waveform 1	1	391.489680842	392.566542697	0.000	11025.000	1.0769	11025.000		pu
76	Spectrogram 1	1	391.489680842	392.566542697	0.000	11025.000	1.0769	11025.000	-73.11	pu
77	Waveform 1	1	392.486995809	392.630781341	0.000	11025.000	0.1438	11025.000		sh
77	Spectrogram 1	1	392.486995809	392.630781341	0.000	11025.000	0.1438	11025.000	-69.25	sh
78	Waveform 1	1	392.664433274	393.092730602	0.000	11025.000	0.4283	11025.000		pu
78	Spectrogram 1	1	392.664433274	393.092730602	0.000	11025.000	0.4283	11025.000	-75.82	pu
79	Waveform 1	1	395.760410360	395.950084891	0.000	11025.000	0.1897	11025.000		t
79	Spectrogram 1	1	395.760410360	395.950084891	0.000	11025.000	0.1897	11025.000	-76.78	t
80	Waveform 1	1	397.589851806	397.859067270	0.000	11025.000	0.2692	11025.000		t
80	Spectrogram 1	1	397.589851806	397.859067270	0.000	11025.000	0.2692	11025.000	-68.51	t
81	Waveform 1	1	399.872064371	400.055620369	0.000	11025.000	0.1836	11025.000		sh
81	Spectrogram 1	1	399.872064371	400.055620369	0.000	11025.000	0.1836	11025.000	-69.39	sh
82	Waveform 1	1	403.647199052	403.833814317	0.000	11025.000	0.1866	11025.000		sh
82	Spectrogram 1	1	403.647199052	403.833814317	0.000	11025.000	0.1866	11025.000	-64.99	sh
83	Waveform 1	1	418.992320735	419.310484465	0.000	11025.000	0.3182	11025.000		h
83	Spectrogram 1	1	418.992320735	419.310484465	0.000	11025.000	0.3182	11025.000	-72.05	h
84	Waveform 1	1	420.928835193	421.094035591	0.000	11025.000	0.1652	11025.000		t
84	Spectrogram 1	1	420.928835193	421.094035591	0.000	11025.000	0.1652	11025.000	-80.30	t
85	Waveform 1	1	421.724244517	421.941452448	0.000	11025.000	0.2172	11025.000		h
85	Spectrogram 1	1	421.724244517	421.941452448	0.000	11025.000	0.2172	11025.000	-70.97	h
86	Waveform 1	1	422.039348980	422.290208844	0.000	11025.000	0.2509	11025.000		t
86	Spectrogram 1	1	422.039348980	422.290208844	0.000	11025.000	0.2509	11025.000	-78.71	t
87	Waveform 1	1	433.774694753	433.998021217	0.000	11025.000	0.2233	11025.000		h
87	Spectrogram 1	1	433.774694753	433.998021217	0.000	11025.000	0.2233	11025.000	-70.51	h
88	Waveform 1	1	453.877133735	454.085163866	0.000	11025.000	0.2080	11025.000		h
88	Spectrogram 1	1	453.877133735	454.085163866	0.000	11025.000	0.2080	11025.000	-71.81	h
89	Waveform 1	1	456.018620378	456.140991043	0.000	11025.000	0.1224	11025.000		sh
89	Spectrogram 1	1	456.018620378	456.140991043	0.000	11025.000	0.1224	11025.000	-75.18	sh
90	Waveform 1	1	458.597581806	458.820908270	0.000	11025.000	0.2233	11025.000		h
90	Spectrogram 1	1	458.597581806	458.820908270	0.000	11025.000	0.2233	11025.000	-70.94	h
91	Waveform 1	1	462.669465350	462.853021348	0.000	11025.000	0.1836	11025.000		sh
91	Spectrogram 1	1	462.669465350	462.853021348	0.000	11025.000	0.1836	11025.000	-77.81	sh
92	Waveform 1	1	465.875576438	466.025480503	0.000	11025.000	0.1499	11025.000		sh
92	Spectrogram 1	1	465.875576438	466.025480503	0.000	11025.000	0.1499	11025.000	-79.64	sh
93	Waveform 1	1	467.313431755	467.368498554	0.000	11025.000	0.0551	11025.000		l
93	Spectrogram 1	1	467.313431755	467.368498554	0.000	11025.000	0.0551	11025.000	-70.66	l
94	Waveform 1	1	467.380735621	467.432743154	0.000	11025.000	0.0520	11025.000		l
94	Spectrogram 1	1	467.380735621	467.432743154	0.000	11025.000	0.0520	11025.000	-74.22	l
95	Waveform 1	1	470.782639430	470.929484228	0.000	11025.000	0.1468	11025.000		sh
95	Spectrogram 1	1	470.782639430	470.929484228	0.000	11025.000	0.1468	11025.000	-69.84	sh
96	Waveform 1	1	475.261405436	475.310353702	0.000	11025.000	0.0489	11025.000		m
96	Spectrogram 1	1	475.261405436	475.310353702	0.000	11025.000	0.0489	11025.000	-60.04	m
97	Waveform 1	1	475.542857967	475.597924766	0.000	11025.000	0.0551	11025.000		m
97	Spectrogram 1	1	475.542857967	475.597924766	0.000	11025.000	0.0551	11025.000	-73.55	m
98	Waveform 1	1	476.537119622	476.610542021	0.000	11025.000	0.0734	11025.000		m
98	Spectrogram 1	1	476.537119622	476.610542021	0.000	11025.000	0.0734	11025.000	-81.45	m
99	Waveform 1	1	476.683964420	476.726794153	0.000	11025.000	0.0428	11025.000		m
99	Spectrogram 1	1	476.683964420	476.726794153	0.000	11025.000	0.0428	11025.000	-78.25	m
100	Waveform 1	1	476.619719821	476.677845887	0.000	11025.000	0.0581	11025.000		m
100	Spectrogram 1	1	476.619719821	476.677845887	0.000	11025.000	0.0581	11025.000	-77.60	m
101	Waveform 1	1	477.210158281	477.433484745	0.000	11025.000	0.2233	11025.000		sq
101	Spectrogram 1	1	477.210158281	477.433484745	0.000	11025.000	0.2233	11025.000	-68.09	sq
102	Waveform 1	1	478.648009852	478.703076652	0.000	11025.000	0.0551	11025.000		l
102	Spectrogram 1	1	478.648009852	478.703076652	0.000	11025.000	0.0551	11025.000	-74.96	l
103	Waveform 1	1	478.718372985	478.788736117	0.000	11025.000	0.0704	11025.000		m
103	Spectrogram 1	1	478.718372985	478.788736117	0.000	11025.000	0.0704	11025.000	-72.86	m
104	Waveform 1	1	478.996766248	479.070188648	0.000	11025.000	0.0734	11025.000		m
104	Spectrogram 1	1	478.996766248	479.070188648	0.000	11025.000	0.0734	11025.000	-77.00	m
105	Waveform 1	1	480.529458488	480.930222417	0.000	11025.000	0.4008	11025.000		p3
105	Spectrogram 1	1	480.529458488	480.930222417	0.000	11025.000	0.4008	11025.000	-68.63	p3
106	Waveform 1	1	481.074007949	481.349341945	0.000	11025.000	0.2753	11025.000		p3
106	Spectrogram 1	1	481.074007949	481.349341945	0.000	11025.000	0.2753	11025.000	-71.33	p3
107	Waveform 1	1	481.517601610	481.597142543	0.000	11025.000	0.0795	11025.000		m
107	Spectrogram 1	1	481.517601610	481.597142543	0.000	11025.000	0.0795	11025.000	-72.10	m
108	Waveform 1	1	481.768461474	481.973432338	0.000	11025.000	0.2050	11025.000		p3
108	Spectrogram 1	1	481.768461474	481.973432338	0.000	11025.000	0.2050	11025.000	-69.13	p3
109	Waveform 1	1	483.971133106	484.322948769	0.000	11025.000	0.3518	11025.000		pu
109	Spectrogram 1	1	483.971133106	484.322948769	0.000	11025.000	0.3518	11025.000	-70.00	pu
110	Waveform 1	1	483.426583646	483.637673043	0.000	11025.000	0.2111	11025.000		t
110	Spectrogram 1	1	483.426583646	483.637673043	0.000	11025.000	0.2111	11025.000	-79.40	t
111	Waveform 1	1	484.937861362	485.219313892	0.000	11025.000	0.2815	11025.000		h
111	Spectrogram 1	1	484.937861362	485.219313892	0.000	11025.000	0.2815	11025.000	-76.53	h
112	Waveform 1	1	486.550094534	487.810512387	0.000	11025.000	1.2604	11025.000		pu
112	Spectrogram 1	1	486.550094534	487.810512387	0.000	11025.000	1.2604	11025.000	-67.21	pu
113	Waveform 1	1	488.107261250	488.180683649	0.000	11025.000	0.0734	11025.000		m
113	Spectrogram 1	1	488.107261250	488.180683649	0.000	11025.000	0.0734	11025.000	-65.74	m
114	Waveform 1	1	488.254106048	488.330587714	0.000	11025.000	0.0765	11025.000		m
114	Spectrogram 1	1	488.254106048	488.330587714	0.000	11025.000	0.0765	11025.000	-66.33	m
115	Waveform 1	1	489.838806164	490.215095960	0.000	11025.000	0.3763	11025.000		h
115	Spectrogram 1	1	489.838806164	490.215095960	0.000	11025.000	0.3763	11025.000	-77.89	h
116	Waveform 1	1	491.288898205	491.347024271	0.000	11025.000	0.0581	11025.000		l
116	Spectrogram 1	1	491.288898205	491.347024271	0.000	11025.000	0.0581	11025.000	-79.75	l
117	Waveform 1	1	492.191381861	492.463656591	0.000	11025.000	0.2723	11025.000		h
117	Spectrogram 1	1	492.191381861	492.463656591	0.000	11025.000	0.2723	11025.000	-76.70	h
118	Waveform 1	1	492.322930326	492.509545591	0.000	11025.000	0.1866	11025.000		t
118	Spectrogram 1	1	492.322930326	492.509545591	0.000	11025.000	0.1866	11025.000	-76.11	t
119	Waveform 1	1	492.491189991	492.852183454	0.000	11025.000	0.3610	11025.000		t
119	Spectrogram 1	1	492.491189991	492.852183454	0.000	11025.000	0.3610	11025.000	-73.50	t
120	Waveform 1	1	495.874738141	496.027701473	0.000	11025.000	0.1530	11025.000		sh
120	Spectrogram 1	1	495.874738141	496.027701473	0.000	11025.000	0.1530	11025.000	-75.79	sh
121	Waveform 1	1	496.434583935	496.734392065	0.000	11025.000	0.2998	11025.000		h
121	Spectrogram 1	1	496.434583935	496.734392065	0.000	11025.000	0.2998	11025.000	-74.92	h
122	Waveform 1	1	497.514505056	497.695001787	0.000	11025.000	0.1805	11025.000		t
122	Spectrogram 1	1	497.514505056	497.695001787	0.000	11025.000	0.1805	11025.000	-76.04	t
123	Waveform 1	1	498.499588568	498.771863299	0.000	11025.000	0.2723	11025.000		h
123	Spectrogram 1	1	498.499588568	498.771863299	0.000	11025.000	0.2723	11025.000	-74.31	h
124	Waveform 1	1	502.663250112	502.950821175	0.000	11025.000	0.2876	11025.000		t
124	Spectrogram 1	1	502.663250112	502.950821175	0.000	11025.000	0.2876	11025.000	-77.38	t
125	Waveform 1	1	503.477015036	503.730934167	0.000	11025.000	0.2539	11025.000		h
125	Spectrogram 1	1	503.477015036	503.730934167	0.000	11025.000	0.2539	11025.000	-78.92	h
126	Waveform 1	1	504.434565492	505.569553413	0.000	11025.000	1.1350	11025.000		pu
126	Spectrogram 1	1	504.434565492	505.569553413	0.000	11025.000	1.1350	11025.000	-71.16	pu
127	Waveform 1	1	515.837979820	515.935876352	0.000	11025.000	0.0979	11025.000		t
127	Spectrogram 1	1	515.837979820	515.935876352	0.000	11025.000	0.0979	11025.000	-80.57	t
128	Waveform 1	1	516.009298751	516.275454948	0.000	11025.000	0.2662	11025.000		t
128	Spectrogram 1	1	516.009298751	516.275454948	0.000	11025.000	0.2662	11025.000	-64.31	t
129	Waveform 1	1	516.471248013	516.722107876	0.000	11025.000	0.2509	11025.000		t
129	Spectrogram 1	1	516.471248013	516.722107876	0.000	11025.000	0.2509	11025.000	-79.22	t
130	Waveform 1	1	518.618851736	518.909482066	0.000	11025.000	0.2906	11025.000		t
130	Spectrogram 1	1	518.618851736	518.909482066	0.000	11025.000	0.2906	11025.000	-78.90	t
131	Waveform 1	1	518.750400201	519.059386131	0.000	11025.000	0.3090	11025.000		h
131	Spectrogram 1	1	518.750400201	519.059386131	0.000	11025.000	0.3090	11025.000	-77.98	h
132	Waveform 1	1	519.597817058	519.818084256	0.000	11025.000	0.2203	11025.000		h
132	Spectrogram 1	1	519.597817058	519.818084256	0.000	11025.000	0.2203	11025.000	-80.17	h
133	Waveform 1	1	522.020754779	522.241021976	0.000	11025.000	0.2203	11025.000		h
133	Spectrogram 1	1	522.020754779	522.241021976	0.000	11025.000	0.2203	11025.000	-74.53	h
134	Waveform 1	1	523.253639231	523.507558362	0.000	11025.000	0.2539	11025.000		t
134	Spectrogram 1	1	523.253639231	523.507558362	0.000	11025.000	0.2539	11025.000	-81.59	t
135	Waveform 1	1	524.526294151	524.654783349	0.000	11025.000	0.1285	11025.000		sh
135	Spectrogram 1	1	524.526294151	524.654783349	0.000	11025.000	0.1285	11025.000	-79.79	sh
136	Waveform 1	1	525.343118342	525.658222805	0.000	11025.000	0.3151	11025.000		t
136	Spectrogram 1	1	525.343118342	525.658222805	0.000	11025.000	0.3151	11025.000	-76.95	t
137	Waveform 1	1	526.132408789	526.429157653	0.000	11025.000	0.2967	11025.000		h
137	Spectrogram 1	1	526.132408789	526.429157653	0.000	11025.000	0.2967	11025.000	-77.60	h
138	Waveform 1	1	526.796269649	527.062425846	0.000	11025.000	0.2662	11025.000		t
138	Spectrogram 1	1	526.796269649	527.062425846	0.000	11025.000	0.2662	11025.000	-77.22	t
139	Waveform 1	1	529.109075223	529.329342420	0.000	11025.000	0.2203	11025.000		h
139	Spectrogram 1	1	529.109075223	529.329342420	0.000	11025.000	0.2203	11025.000	-79.63	h
140	Waveform 1	1	529.791290229	530.381728689	0.000	11025.000	0.5904	11025.000		pu
140	Spectrogram 1	1	529.791290229	530.381728689	0.000	11025.000	0.5904	11025.000	-76.78	pu
141	Waveform 1	1	531.342338412	531.623790942	0.000	11025.000	0.2815	11025.000		h
141	Spectrogram 1	1	531.342338412	531.623790942	0.000	11025.000	0.2815	11025.000	-80.57	h
142	Waveform 1	1	531.966428805	532.244822068	0.000	11025.000	0.2784	11025.000		t
142	Spectrogram 1	1	531.966428805	532.244822068	0.000	11025.000	0.2784	11025.000	-68.67	t
143	Waveform 1	1	532.994342393	533.107535259	0.000	11025.000	0.1132	11025.000		t
143	Spectrogram 1	1	532.994342393	533.107535259	0.000	11025.000	0.1132	11025.000	-79.86	t
144	Waveform 1	1	534.976746828	535.304088358	0.000	11025.000	0.3273	11025.000		t
144	Spectrogram 1	1	534.976746828	535.304088358	0.000	11025.000	0.3273	11025.000	-80.83	t
145	Waveform 1	1	536.056667949	536.359535346	0.000	11025.000	0.3029	11025.000		h
145	Spectrogram 1	1	536.056667949	536.359535346	0.000	11025.000	0.3029	11025.000	-77.21	h
146	Waveform 1	1	537.017277329	537.332381792	0.000	11025.000	0.3151	11025.000		t
146	Spectrogram 1	1	537.017277329	537.332381792	0.000	11025.000	0.3151	11025.000	-75.01	t
147	Waveform 1	1	539.593179833	539.666602232	0.000	11025.000	0.0734	11025.000		l
147	Spectrogram 1	1	539.593179833	539.666602232	0.000	11025.000	0.0734	11025.000	-79.26	l
148	Waveform 1	1	542.303689726	542.441356725	0.000	11025.000	0.1377	11025.000		t
148	Spectrogram 1	1	542.303689726	542.441356725	0.000	11025.000	0.1377	11025.000	-79.83	t
149	Waveform 1	1	544.221849562	544.445176026	0.000	11025.000	0.2233	11025.000		h
149	Spectrogram 1	1	544.221849562	544.445176026	0.000	11025.000	0.2233	11025.000	-75.92	h
150	Waveform 1	1	544.980547686	545.209992684	0.000	11025.000	0.2294	11025.000		h
150	Spectrogram 1	1	544.980547686	545.209992684	0.000	11025.000	0.2294	11025.000	-82.60	h
151	Waveform 1	1	545.225289017	545.295652150	0.000	11025.000	0.0704	11025.000		ud
151	Spectrogram 1	1	545.225289017	545.295652150	0.000	11025.000	0.0704	11025.000	-80.96	ud
152	Waveform 1	1	545.522037880	545.733127278	0.000	11025.000	0.2111	11025.000		t
152	Spectrogram 1	1	545.522037880	545.733127278	0.000	11025.000	0.2111	11025.000	-78.12	t
153	Waveform 1	1	546.684559201	547.033315597	0.000	11025.000	0.3488	11025.000		t
153	Spectrogram 1	1	546.684559201	547.033315597	0.000	11025.000	0.3488	11025.000	-79.82	t
154	Waveform 1	1	548.431400105	548.621074636	0.000	11025.000	0.1897	11025.000		h
154	Spectrogram 1	1	548.431400105	548.621074636	0.000	11025.000	0.1897	11025.000	-80.18	h
155	Waveform 1	1	549.095260964	549.324705961	0.000	11025.000	0.2294	11025.000		t
155	Spectrogram 1	1	549.095260964	549.324705961	0.000	11025.000	0.2294	11025.000	-80.80	t
156	Waveform 1	1	550.233308151	550.300612017	0.000	11025.000	0.0673	11025.000		m
156	Spectrogram 1	1	550.233308151	550.300612017	0.000	11025.000	0.0673	11025.000	-81.37	m
157	Waveform 1	1	553.910546300	554.078805965	0.000	11025.000	0.1683	11025.000		t
157	Spectrogram 1	1	553.910546300	554.078805965	0.000	11025.000	0.1683	11025.000	-80.40	t
158	Waveform 1	1	554.097161565	554.348021429	0.000	11025.000	0.2509	11025.000		p2
158	Spectrogram 1	1	554.097161565	554.348021429	0.000	11025.000	0.2509	11025.000	-80.00	p2
159	Waveform 1	1	554.868096756	555.091423220	0.000	11025.000	0.2233	11025.000		t
159	Spectrogram 1	1	554.868096756	555.091423220	0.000	11025.000	0.2233	11025.000	-83.29	t
160	Waveform 1	1	556.119335356	556.364076687	0.000	11025.000	0.2447	11025.000		t
160	Spectrogram 1	1	556.119335356	556.364076687	0.000	11025.000	0.2447	11025.000	-81.55	t
161	Waveform 1	1	561.075340282	561.283370413	0.000	11025.000	0.2080	11025.000		h
161	Spectrogram 1	1	561.075340282	561.283370413	0.000	11025.000	0.2080	11025.000	-78.16	h
162	Waveform 1	1	562.614151398	562.809944463	0.000	11025.000	0.1958	11025.000		h
162	Spectrogram 1	1	562.614151398	562.809944463	0.000	11025.000	0.1958	11025.000	-76.88	h
163	Waveform 1	1	567.034791339	567.343777269	0.000	11025.000	0.3090	11025.000		h
163	Spectrogram 1	1	567.034791339	567.343777269	0.000	11025.000	0.3090	11025.000	-79.99	h
164	Waveform 1	1	568.521593470	568.818342333	0.000	11025.000	0.2967	11025.000		t
164	Spectrogram 1	1	568.521593470	568.818342333	0.000	11025.000	0.2967	11025.000	-77.65	t
165	Waveform 1	1	569.693292590	569.996159987	0.000	11025.000	0.3029	11025.000		t
165	Spectrogram 1	1	569.693292590	569.996159987	0.000	11025.000	0.3029	11025.000	-82.35	t
166	Waveform 1	1	572.639366014	572.963648277	0.000	11025.000	0.3243	11025.000		h
166	Spectrogram 1	1	572.639366014	572.963648277	0.000	11025.000	0.3243	11025.000	-79.74	h
167	Waveform 1	1	588.666860649	588.853475913	0.000	11025.000	0.1866	11025.000		t
167	Spectrogram 1	1	588.666860649	588.853475913	0.000	11025.000	0.1866	11025.000	-81.04	t
168	Waveform 1	1	590.132249365	590.425938962	0.000	11025.000	0.2937	11025.000		h
168	Spectrogram 1	1	590.132249365	590.425938962	0.000	11025.000	0.2937	11025.000	-79.23	h
169	Waveform 1	1	599.190735725	599.472188255	0.000	11025.000	0.2815	11025.000		h
169	Spectrogram 1	1	599.190735725	599.472188255	0.000	11025.000	0.2815	11025.000	-78.96	h
170	Waveform 1	1	599.609855254	599.707751786	0.000	11025.000	0.0979	11025.000		cl
170	Spectrogram 1	1	599.609855254	599.707751786	0.000	11025.000	0.0979	11025.000	-71.91	cl
171	Waveform 1	1	600.448094311	600.500101844	0.000	11025.000	0.0520	11025.000		l
171	Spectrogram 1	1	600.448094311	600.500101844	0.000	11025.000	0.0520	11025.000	-71.35	l
172	Waveform 1	1	600.787672907	600.876391640	0.000	11025.000	0.0887	11025.000		l
172	Spectrogram 1	1	600.787672907	600.876391640	0.000	11025.000	0.0887	11025.000	-72.51	l
173	Waveform 1	1	601.044651304	601.127251503	0.000	11025.000	0.0826	11025.000		m
173	Spectrogram 1	1	601.044651304	601.127251503	0.000	11025.000	0.0826	11025.000	-70.53	m
174	Waveform 1	1	601.234325836	601.316926035	0.000	11025.000	0.0826	11025.000		m
174	Spectrogram 1	1	601.234325836	601.316926035	0.000	11025.000	0.0826	11025.000	-67.82	m
175	Waveform 1	1	601.708512164	601.775816030	0.000	11025.000	0.0673	11025.000		m
175	Spectrogram 1	1	601.708512164	601.775816030	0.000	11025.000	0.0673	11025.000	-75.81	m
176	Waveform 1	1	601.870653295	601.974668361	0.000	11025.000	0.1040	11025.000		m
176	Spectrogram 1	1	601.870653295	601.974668361	0.000	11025.000	0.1040	11025.000	-77.26	m
177	Waveform 1	1	602.087861226	602.268357957	0.000	11025.000	0.1805	11025.000		sk
177	Spectrogram 1	1	602.087861226	602.268357957	0.000	11025.000	0.1805	11025.000	-71.75	sk
178	Waveform 1	1	604.908504718	605.196075781	0.000	11025.000	0.2876	11025.000		h
178	Spectrogram 1	1	604.908504718	605.196075781	0.000	11025.000	0.2876	11025.000	-79.03	h
179	Waveform 1	1	605.792632775	605.985366573	0.000	11025.000	0.1927	11025.000		t
179	Spectrogram 1	1	605.792632775	605.985366573	0.000	11025.000	0.1927	11025.000	-81.55	t
180	Waveform 1	1	606.949035218	607.117294883	0.000	11025.000	0.1683	11025.000		t
180	Spectrogram 1	1	606.949035218	607.117294883	0.000	11025.000	0.1683	11025.000	-82.20	t
181	Waveform 1	1	607.144828283	607.432399346	0.000	11025.000	0.2876	11025.000		t
181	Spectrogram 1	1	607.144828283	607.432399346	0.000	11025.000	0.2876	11025.000	-78.34	t
182	Waveform 1	1	607.961652474	608.022837807	0.000	11025.000	0.0612	11025.000		cl
182	Spectrogram 1	1	607.961652474	608.022837807	0.000	11025.000	0.0612	11025.000	-70.96	cl
183	Waveform 1	1	608.139089939	608.698935732	0.000	11025.000	0.5598	11025.000		pu
183	Spectrogram 1	1	608.139089939	608.698935732	0.000	11025.000	0.5598	11025.000	-77.96	pu
184	Waveform 1	1	608.659165266	608.793772998	0.000	11025.000	0.1346	11025.000		t
184	Spectrogram 1	1	608.659165266	608.793772998	0.000	11025.000	0.1346	11025.000	-78.27	t
185	Waveform 1	1	608.845780531	609.212892527	0.000	11025.000	0.3671	11025.000		pu
185	Spectrogram 1	1	608.845780531	609.212892527	0.000	11025.000	0.3671	11025.000	-72.31	pu
186	Waveform 1	1	608.861076864	609.069106995	0.000	11025.000	0.2080	11025.000		t
186	Spectrogram 1	1	608.861076864	609.069106995	0.000	11025.000	0.2080	11025.000	-72.85	t
187	Waveform 1	1	621.370416751	621.618217348	0.000	11025.000	0.2478	11025.000		t
187	Spectrogram 1	1	621.370416751	621.618217348	0.000	11025.000	0.2478	11025.000	-77.63	t
188	Waveform 1	1	640.448001755	640.506127821	0.000	11025.000	0.0581	11025.000		cl
188	Spectrogram 1	1	640.448001755	640.506127821	0.000	11025.000	0.0581	11025.000	-74.17	cl
189	Waveform 1	1	647.429247523	647.496551389	0.000	11025.000	0.0673	11025.000		ud
189	Spectrogram 1	1	647.429247523	647.496551389	0.000	11025.000	0.0673	11025.000	-69.70	ud
190	Waveform 1	1	647.508788456	647.735174187	0.000	11025.000	0.2264	11025.000		t
190	Spectrogram 1	1	647.508788456	647.735174187	0.000	11025.000	0.2264	11025.000	-72.55	t
191	Waveform 1	1	654.138218905	654.490034568	0.000	11025.000	0.3518	11025.000		p2
191	Spectrogram 1	1	654.138218905	654.490034568	0.000	11025.000	0.3518	11025.000	-78.13	p2
192	Waveform 1	1	657.690027122	658.014309385	0.000	11025.000	0.3243	11025.000		t
192	Spectrogram 1	1	657.690027122	658.014309385	0.000	11025.000	0.3243	11025.000	-78.01	t
193	Waveform 1	1	660.339351683	660.379122149	0.000	11025.000	0.0398	11025.000		cl
193	Spectrogram 1	1	660.339351683	660.379122149	0.000	11025.000	0.0398	11025.000	-76.56	cl
194	Waveform 1	1	662.205503985	662.701105180	0.000	11025.000	0.4956	11025.000		pu
194	Spectrogram 1	1	662.205503985	662.701105180	0.000	11025.000	0.4956	11025.000	-72.32	pu
195	Waveform 1	1	664.600909759	665.007792221	0.000	11025.000	0.4069	11025.000		h
195	Spectrogram 1	1	664.600909759	665.007792221	0.000	11025.000	0.4069	11025.000	-80.51	h
196	Waveform 1	1	666.112187132	666.167253931	0.000	11025.000	0.0551	11025.000		l
196	Spectrogram 1	1	666.112187132	666.167253931	0.000	11025.000	0.0551	11025.000	-79.74	l
197	Waveform 1	1	673.322877898	673.524789496	0.000	11025.000	0.2019	11025.000		t
197	Spectrogram 1	1	673.322877898	673.524789496	0.000	11025.000	0.2019	11025.000	-84.15	t
198	Waveform 1	1	690.445591867	690.855533596	0.000	11025.000	0.4099	11025.000		t
198	Spectrogram 1	1	690.445591867	690.855533596	0.000	11025.000	0.4099	11025.000	-77.20	t
199	Waveform 1	1	691.537750055	691.758017252	0.000	11025.000	0.2203	11025.000		h
199	Spectrogram 1	1	691.537750055	691.758017252	0.000	11025.000	0.2203	11025.000	-82.13	h
200	Waveform 1	1	761.151355755	761.475638018	0.000	11025.000	0.3243	11025.000		h
200	Spectrogram 1	1	761.151355755	761.475638018	0.000	11025.000	0.3243	11025.000	-79.41	h
201	Waveform 1	1	860.849786772	860.926268438	0.000	11025.000	0.0765	11025.000		l
201	Spectrogram 1	1	860.849786772	860.926268438	0.000	11025.000	0.0765	11025.000	-75.63	l
202	Waveform 1	1	949.733711274	949.868319006	0.000	11025.000	0.1346	11025.000		sh
202	Spectrogram 1	1	949.733711274	949.868319006	0.000	11025.000	0.1346	11025.000	-84.43	sh
203	Waveform 1	1	1006.067041895	1006.115990161	0.000	11025.000	0.0489	11025.000		cl
203	Spectrogram 1	1	1006.067041895	1006.115990161	0.000	11025.000	0.0489	11025.000	-84.40	cl
204	Waveform 1	1	1062.892904218	1063.434394412	0.000	11025.000	0.5415	11025.000		pu
204	Spectrogram 1	1	1062.892904218	1063.434394412	0.000	11025.000	0.5415	11025.000	-73.79	pu
205	Waveform 1	1	1064.688692279	1065.425975537	0.000	11025.000	0.7373	11025.000		pu
205	Spectrogram 1	1	1064.688692279	1065.425975537	0.000	11025.000	0.7373	11025.000	-65.00	pu
206	Waveform 1	1	1065.113930340	1065.162878607	0.000	11025.000	0.0489	11025.000		l
206	Spectrogram 1	1	1065.113930340	1065.162878607	0.000	11025.000	0.0489	11025.000	-56.91	l
207	Waveform 1	1	1067.803025367	1067.833618033	0.000	11025.000	0.0306	11025.000		pc
207	Spectrogram 1	1	1067.803025367	1067.833618033	0.000	11025.000	0.0306	11025.000	-77.35	pc
208	Waveform 1	1	1067.876447766	1068.518893759	0.000	11025.000	0.6424	11025.000		w
208	Spectrogram 1	1	1067.876447766	1068.518893759	0.000	11025.000	0.6424	11025.000	-51.96	w
209	Waveform 1	1	1068.956368888	1069.026732020	0.000	11025.000	0.0704	11025.000		b
209	Spectrogram 1	1	1068.956368888	1069.026732020	0.000	11025.000	0.0704	11025.000	-77.06	b
210	Waveform 1	1	1069.243939951	1069.684474346	0.000	11025.000	0.4405	11025.000		mo
210	Spectrogram 1	1	1069.243939951	1069.684474346	0.000	11025.000	0.4405	11025.000	-78.75	mo
211	Waveform 1	1	1071.633226445	1071.712767378	0.000	11025.000	0.0795	11025.000		pu
211	Spectrogram 1	1	1071.633226445	1071.712767378	0.000	11025.000	0.0795	11025.000	-72.53	pu
212	Waveform 1	1	1072.061523774	1073.168978295	0.000	11025.000	1.1075	11025.000		pu
212	Spectrogram 1	1	1072.061523774	1073.168978295	0.000	11025.000	1.1075	11025.000	-67.71	pu
213	Waveform 1	1	1078.247360562	1078.385027560	0.000	11025.000	0.1377	11025.000		b
213	Spectrogram 1	1	1078.247360562	1078.385027560	0.000	11025.000	0.1377	11025.000	-76.99	b
214	Waveform 1	1	1150.020802614	1150.225773478	0.000	11025.000	0.2050	11025.000		h
214	Spectrogram 1	1	1150.020802614	1150.225773478	0.000	11025.000	0.2050	11025.000	-83.91	h
215	Waveform 1	1	1159.645254753	1159.694203019	0.000	11025.000	0.0489	11025.000		l
215	Spectrogram 1	1	1159.645254753	1159.694203019	0.000	11025.000	0.0489	11025.000	-63.46	l
216	Waveform 1	1	1167.256709448	1167.522865645	0.000	11025.000	0.2662	11025.000		h
216	Spectrogram 1	1	1167.256709448	1167.522865645	0.000	11025.000	0.2662	11025.000	-75.63	h
217	Waveform 1	1	1172.552297084	1172.763386481	0.000	11025.000	0.2111	11025.000		h
217	Spectrogram 1	1	1172.552297084	1172.763386481	0.000	11025.000	0.2111	11025.000	-77.62	h
218	Waveform 1	1	1179.799699050	1180.007729181	0.000	11025.000	0.2080	11025.000		p2
218	Spectrogram 1	1	1179.799699050	1180.007729181	0.000	11025.000	0.2080	11025.000	-74.82	p2
219	Waveform 1	1	1180.598167641	1180.836790438	0.000	11025.000	0.2386	11025.000		p2
219	Spectrogram 1	1	1180.598167641	1180.836790438	0.000	11025.000	0.2386	11025.000	-77.48	p2
220	Waveform 1	1	1299.658694350	1299.817776214	0.000	11025.000	0.1591	11025.000		sh
220	Spectrogram 1	1	1299.658694350	1299.817776214	0.000	11025.000	0.1591	11025.000	-79.12	sh
221	Waveform 1	1	1299.851428147	1299.970739546	0.000	11025.000	0.1193	11025.000		sh
221	Spectrogram 1	1	1299.851428147	1299.970739546	0.000	11025.000	0.1193	11025.000	-79.09	sh
222	Waveform 1	1	1341.316724308	1341.356494774	0.000	11025.000	0.0398	11025.000		m
222	Spectrogram 1	1	1341.316724308	1341.356494774	0.000	11025.000	0.0398	11025.000	-72.42	m
223	Waveform 1	1	1343.244061943	1343.724366804	0.000	11025.000	0.4803	11025.000		mo
223	Spectrogram 1	1	1343.244061943	1343.724366804	0.000	11025.000	0.4803	11025.000	-68.52	mo
224	Waveform 1	1	1346.820344293	1347.089559757	0.000	11025.000	0.2692	11025.000		mo
224	Spectrogram 1	1	1346.820344293	1347.089559757	0.000	11025.000	0.2692	11025.000	-69.35	mo
225	Waveform 1	1	1350.883049067	1351.124731131	0.000	11025.000	0.2417	11025.000		mo
225	Spectrogram 1	1	1350.883049067	1351.124731131	0.000	11025.000	0.2417	11025.000	-75.70	mo
226	Waveform 1	1	1355.364874340	1355.569845205	0.000	11025.000	0.2050	11025.000		o
226	Spectrogram 1	1	1355.364874340	1355.569845205	0.000	11025.000	0.2050	11025.000	-72.05	o
227	Waveform 1	1	1355.768697536	1356.010379600	0.000	11025.000	0.2417	11025.000		mo
227	Spectrogram 1	1	1355.768697536	1356.010379600	0.000	11025.000	0.2417	11025.000	-71.99	mo
228	Waveform 1	1	1365.696016729	1365.980528525	0.000	11025.000	0.2845	11025.000		mo
228	Spectrogram 1	1	1365.696016729	1365.980528525	0.000	11025.000	0.2845	11025.000	-70.33	mo
229	Waveform 1	1	1367.566758274	1367.887981271	0.000	11025.000	0.3212	11025.000		mo
229	Spectrogram 1	1	1367.566758274	1367.887981271	0.000	11025.000	0.3212	11025.000	-75.25	mo
230	Waveform 1	1	1383.471883607	1383.793106604	0.000	11025.000	0.3212	11025.000		mo
230	Spectrogram 1	1	1383.471883607	1383.793106604	0.000	11025.000	0.3212	11025.000	-70.48	mo
231	Waveform 1	1	1419.185759185	1419.246944518	0.000	11025.000	0.0612	11025.000		m
231	Spectrogram 1	1	1419.185759185	1419.246944518	0.000	11025.000	0.0612	11025.000	-76.04	m
232	Waveform 1	1	1435.812871617	1435.926064482	0.000	11025.000	0.1132	11025.000		t
232	Spectrogram 1	1	1435.812871617	1435.926064482	0.000	11025.000	0.1132	11025.000	-82.58	t
233	Waveform 1	1	1440.912668750	1442.026241804	0.000	11025.000	1.1136	11025.000		mo
233	Spectrogram 1	1	1440.912668750	1442.026241804	0.000	11025.000	1.1136	11025.000	-42.67	mo
234	Waveform 1	1	1461.568834993	1461.688146391	0.000	11025.000	0.1193	11025.000		b
234	Spectrogram 1	1	1461.568834993	1461.688146391	0.000	11025.000	0.1193	11025.000	-77.79	b
235	Waveform 1	1	1463.089290509	1463.193305574	0.000	11025.000	0.1040	11025.000		b
235	Spectrogram 1	1	1463.089290509	1463.193305574	0.000	11025.000	0.1040	11025.000	-79.82	b
236	Waveform 1	1	1509.452471635	1509.516716235	0.000	11025.000	0.0642	11025.000		l
236	Spectrogram 1	1	1509.452471635	1509.516716235	0.000	11025.000	0.0642	11025.000	-53.18	l
237	Waveform 1	1	1509.703331499	1509.736983432	0.000	11025.000	0.0337	11025.000		l
237	Spectrogram 1	1	1509.703331499	1509.736983432	0.000	11025.000	0.0337	11025.000	-60.21	l
238	Waveform 1	1	1509.736983432	1509.788990965	0.000	11025.000	0.0520	11025.000		l
238	Spectrogram 1	1	1509.736983432	1509.788990965	0.000	11025.000	0.0520	11025.000	-57.31	l
239	Waveform 1	1	1510.856675020	1511.058586617	0.000	11025.000	0.2019	11025.000		h
239	Spectrogram 1	1	1510.856675020	1511.058586617	0.000	11025.000	0.2019	11025.000	-70.59	h
240	Waveform 1	1	1517.333141794	1517.559527525	0.000	11025.000	0.2264	11025.000		h
240	Spectrogram 1	1	1517.333141794	1517.559527525	0.000	11025.000	0.2264	11025.000	-78.52	h
241	Waveform 1	1	1818.380245849	1818.762654178	0.000	11025.000	0.3824	11025.000		pu
241	Spectrogram 1	1	1818.380245849	1818.762654178	0.000	11025.000	0.3824	11025.000	-75.43	pu
242	Waveform 1	1	1818.915617510	1819.123647641	0.000	11025.000	0.2080	11025.000		pu
242	Spectrogram 1	1	1818.915617510	1819.123647641	0.000	11025.000	0.2080	11025.000	-75.73	pu
243	Waveform 1	1	1866.777839512	1866.903269444	0.000	11025.000	0.1254	11025.000		sh
243	Spectrogram 1	1	1866.777839512	1866.903269444	0.000	11025.000	0.1254	11025.000	-79.95	sh
244	Waveform 1	1	1892.573573354	1892.695944020	0.000	11025.000	0.1224	11025.000		sh
244	Spectrogram 1	1	1892.573573354	1892.695944020	0.000	11025.000	0.1224	11025.000	-79.74	sh
245	Waveform 1	1	1896.097848172	1896.287522703	0.000	11025.000	0.1897	11025.000		sh
245	Spectrogram 1	1	1896.097848172	1896.287522703	0.000	11025.000	0.1897	11025.000	-79.59	sh
246	Waveform 1	1	1930.275971900	1930.358572099	0.000	11025.000	0.0826	11025.000		b
246	Spectrogram 1	1	1930.275971900	1930.358572099	0.000	11025.000	0.0826	11025.000	-75.38	b
247	Waveform 1	1	1965.974550802	1966.148929000	0.000	11025.000	0.1744	11025.000		h
247	Spectrogram 1	1	1965.974550802	1966.148929000	0.000	11025.000	0.1744	11025.000	-69.97	h
248	Waveform 1	1	1979.199759425	1979.264004024	0.000	11025.000	0.0642	11025.000		l
248	Spectrogram 1	1	1979.199759425	1979.264004024	0.000	11025.000	0.0642	11025.000	-76.12	l
249	Waveform 1	1	1988.276602493	1988.567232823	0.000	11025.000	0.2906	11025.000		h
249	Spectrogram 1	1	1988.276602493	1988.567232823	0.000	11025.000	0.2906	11025.000	-70.28	h
250	Waveform 1	1	1997.228015973	1997.359564439	0.000	11025.000	0.1315	11025.000		sh
250	Spectrogram 1	1	1997.228015973	1997.359564439	0.000	11025.000	0.1315	11025.000	-70.92	sh
251	Waveform 1	1	2078.873714090	2079.017499622	0.000	11025.000	0.1438	11025.000		p1
251	Spectrogram 1	1	2078.873714090	2079.017499622	0.000	11025.000	0.1438	11025.000	-70.84	p1
252	Waveform 1	1	2082.841582569	2082.967012501	0.000	11025.000	0.1254	11025.000		p1
252	Spectrogram 1	1	2082.841582569	2082.967012501	0.000	11025.000	0.1254	11025.000	-70.33	p1
253	Waveform 1	1	2091.358580188	2091.569669585	0.000	11025.000	0.2111	11025.000		p2
253	Spectrogram 1	1	2091.358580188	2091.569669585	0.000	11025.000	0.2111	11025.000	-65.40	p2
254	Waveform 1	1	2113.232334550	2113.428127615	0.000	11025.000	0.1958	11025.000		p2
254	Spectrogram 1	1	2113.232334550	2113.428127615	0.000	11025.000	0.1958	11025.000	-64.08	p2
255	Waveform 1	1	2138.465162229	2138.829214958	0.000	11025.000	0.3641	11025.000		h
255	Spectrogram 1	1	2138.465162229	2138.829214958	0.000	11025.000	0.3641	11025.000	-64.63	h
256	Waveform 1	1	2143.451766496	2143.546603762	0.000	11025.000	0.0948	11025.000		p1
256	Spectrogram 1	1	2143.451766496	2143.546603762	0.000	11025.000	0.0948	11025.000	-70.84	p1
257	Waveform 1	1	2170.030670378	2170.201989309	0.000	11025.000	0.1713	11025.000		p1
257	Spectrogram 1	1	2170.030670378	2170.201989309	0.000	11025.000	0.1713	11025.000	-66.29	p1
258	Waveform 1	1	2210.850460170	2211.199216566	0.000	11025.000	0.3488	11025.000		p2
258	Spectrogram 1	1	2210.850460170	2211.199216566	0.000	11025.000	0.3488	11025.000	-67.64	p2
259	Waveform 1	1	2215.093662646	2215.561730440	0.000	11025.000	0.4681	11025.000		h
259	Spectrogram 1	1	2215.093662646	2215.561730440	0.000	11025.000	0.4681	11025.000	-64.78	h
260	Waveform 1	1	2218.868797327	2219.266501989	0.000	11025.000	0.3977	11025.000		h
260	Spectrogram 1	1	2218.868797327	2219.266501989	0.000	11025.000	0.3977	11025.000	-64.24	h
261	Waveform 1	1	2236.563590485	2236.731850149	0.000	11025.000	0.1683	11025.000		p1
261	Spectrogram 1	1	2236.563590485	2236.731850149	0.000	11025.000	0.1683	11025.000	-67.10	p1
262	Waveform 1	1	2271.469819329	2271.971539056	0.000	11025.000	0.5017	11025.000		p2
262	Spectrogram 1	1	2271.469819329	2271.971539056	0.000	11025.000	0.5017	11025.000	-63.49	p2
263	Waveform 1	1	2283.330595033	2283.642640229	0.000	11025.000	0.3120	11025.000		p2
263	Spectrogram 1	1	2283.330595033	2283.642640229	0.000	11025.000	0.3120	11025.000	-64.37	p2
264	Waveform 1	1	2294.974161697	2295.604370623	0.000	11025.000	0.6302	11025.000		p2
264	Spectrogram 1	1	2294.974161697	2295.604370623	0.000	11025.000	0.6302	11025.000	-61.66	p2
265	Waveform 1	1	2299.342794105	2299.764972900	0.000	11025.000	0.4222	11025.000		p2
265	Spectrogram 1	1	2299.342794105	2299.764972900	0.000	11025.000	0.4222	11025.000	-63.11	p2
266	Waveform 1	1	2303.488100049	2303.946990043	0.000	11025.000	0.4589	11025.000		p2
266	Spectrogram 1	1	2303.488100049	2303.946990043	0.000	11025.000	0.4589	11025.000	-63.29	p2
