Selection	View	Channel	Begin Time (s)	End Time (s)	Low Freq (Hz)	High Freq (Hz)	Delta Time (s)	Delta Freq (Hz)	Avg Power Density (dB FS/Hz)	Annotation
1	Waveform 1	1	1.878382132	1.936508198	0.000	11025.000	0.0581	11025.000		m
1	Spectrogram 1	1	1.878382132	1.936508198	0.000	11025.000	0.0581	11025.000	-59.85	m
2	Waveform 1	1	2.104767863	2.175130995	0.000	11025.000	0.0704	11025.000		m
2	Spectrogram 1	1	2.104767863	2.175130995	0.000	11025.000	0.0704	11025.000	-60.50	m
3	Waveform 1	1	2.276086794	2.325035060	0.000	11025.000	0.0489	11025.000		m
3	Spectrogram 1	1	2.276086794	2.325035060	0.000	11025.000	0.0489	11025.000	-61.16	m
4	Waveform 1	1	3.025607119	3.077614652	0.000	11025.000	0.0520	11025.000		l
4	Spectrogram 1	1	3.025607119	3.077614652	0.000	11025.000	0.0520	11025.000	-63.37	l
5	Waveform 1	1	15.758267886	15.807216152	0.000	11025.000	0.0489	11025.000		l
5	Spectrogram 1	1	15.758267886	15.807216152	0.000	11025.000	0.0489	11025.000	-72.27	l
6	Waveform 1	1	84.701881642	84.815074507	0.000	11025.000	0.1132	11025.000		sq
6	Spectrogram 1	1	84.701881642	84.815074507	0.000	11025.000	0.1132	11025.000	-70.63	sq
7	Waveform 1	1	85.757327350	85.882757282	0.000	11025.000	0.1254	11025.000		sq
7	Spectrogram 1	1	85.757327350	85.882757282	0.000	11025.000	0.1254	11025.000	-72.96	sq
8	Waveform 1	1	96.498413922	96.556539988	0.000	11025.000	0.0581	11025.000		c
8	Spectrogram 1	1	96.498413922	96.556539988	0.000	11025.000	0.0581	11025.000	-67.37	c
9	Waveform 1	1	96.559599254	96.620784587	0.000	11025.000	0.0612	11025.000		c
9	Spectrogram 1	1	96.559599254	96.620784587	0.000	11025.000	0.0612	11025.000	-65.52	c
10	Waveform 1	1	106.632232739	106.687299538	0.000	11025.000	0.0551	11025.000		m
10	Spectrogram 1	1	106.632232739	106.687299538	0.000	11025.000	0.0551	11025.000	-83.97	m
11	Waveform 1	1	106.873914803	106.935100135	0.000	11025.000	0.0612	11025.000		m
11	Spectrogram 1	1	106.873914803	106.935100135	0.000	11025.000	0.0612	11025.000	-73.99	m
12	Waveform 1	1	107.023818868	107.066648600	0.000	11025.000	0.0428	11025.000		m
12	Spectrogram 1	1	107.023818868	107.066648600	0.000	11025.000	0.0428	11025.000	-65.28	m
13	Waveform 1	1	107.152308066	107.210434132	0.000	11025.000	0.0581	11025.000		m
13	Spectrogram 1	1	107.152308066	107.210434132	0.000	11025.000	0.0581	11025.000	-63.94	m
14	Waveform 1	1	107.311389931	107.360338197	0.000	11025.000	0.0489	11025.000		m
14	Spectrogram 1	1	107.311389931	107.360338197	0.000	11025.000	0.0489	11025.000	-67.66	m
15	Waveform 1	1	107.461293996	107.507182996	0.000	11025.000	0.0459	11025.000		m
15	Spectrogram 1	1	107.461293996	107.507182996	0.000	11025.000	0.0459	11025.000	-72.41	m
16	Waveform 1	1	107.617316594	107.663205594	0.000	11025.000	0.0459	11025.000		m
16	Spectrogram 1	1	107.617316594	107.663205594	0.000	11025.000	0.0459	11025.000	-72.27	m
17	Waveform 1	1	107.761102126	107.813109659	0.000	11025.000	0.0520	11025.000		m
17	Spectrogram 1	1	107.761102126	107.813109659	0.000	11025.000	0.0520	11025.000	-67.16	m
18	Waveform 1	1	107.858998658	107.895709858	0.000	11025.000	0.0367	11025.000		m
18	Spectrogram 1	1	107.858998658	107.895709858	0.000	11025.000	0.0367	11025.000	-65.39	m
19	Waveform 1	1	107.898769124	107.947717391	0.000	11025.000	0.0489	11025.000		m
19	Spectrogram 1	1	107.898769124	107.947717391	0.000	11025.000	0.0489	11025.000	-68.62	m
20	Waveform 1	1	108.005843457	108.045613923	0.000	11025.000	0.0398	11025.000		m
20	Spectrogram 1	1	108.005843457	108.045613923	0.000	11025.000	0.0398	11025.000	-70.67	m
21	Waveform 1	1	108.067028789	108.109858522	0.000	11025.000	0.0428	11025.000		m
21	Spectrogram 1	1	108.067028789	108.109858522	0.000	11025.000	0.0428	11025.000	-73.15	m
22	Waveform 1	1	108.238347721	108.287295987	0.000	11025.000	0.0489	11025.000		m
22	Spectrogram 1	1	108.238347721	108.287295987	0.000	11025.000	0.0489	11025.000	-70.38	m
23	Waveform 1	1	108.366836919	108.424962985	0.000	11025.000	0.0581	11025.000		m
23	Spectrogram 1	1	108.366836919	108.424962985	0.000	11025.000	0.0581	11025.000	-72.30	m
24	Waveform 1	1	108.599341183	108.642170916	0.000	11025.000	0.0428	11025.000		m
24	Spectrogram 1	1	108.599341183	108.642170916	0.000	11025.000	0.0428	11025.000	-78.12	m
25	Waveform 1	1	116.253625583	116.320929449	0.000	11025.000	0.0673	11025.000		l
25	Spectrogram 1	1	116.253625583	116.320929449	0.000	11025.000	0.0673	11025.000	-75.04	l
26	Waveform 1	1	116.406588915	116.470833514	0.000	11025.000	0.0642	11025.000		l
26	Spectrogram 1	1	116.406588915	116.470833514	0.000	11025.000	0.0642	11025.000	-74.52	l
27	Waveform 1	1	117.657828967	117.706777233	0.000	11025.000	0.0489	11025.000		m
27	Spectrogram 1	1	117.657828967	117.706777233	0.000	11025.000	0.0489	11025.000	-69.13	m
28	Waveform 1	1	117.712895767	117.777140366	0.000	11025.000	0.0642	11025.000		m
28	Spectrogram 1	1	117.712895767	117.777140366	0.000	11025.000	0.0642	11025.000	-70.39	m
29	Waveform 1	1	117.804673766	117.865859098	0.000	11025.000	0.0612	11025.000		m
29	Spectrogram 1	1	117.804673766	117.865859098	0.000	11025.000	0.0612	11025.000	-74.49	m
30	Waveform 1	1	117.954577831	118.009644630	0.000	11025.000	0.0551	11025.000		m
30	Spectrogram 1	1	117.954577831	118.009644630	0.000	11025.000	0.0551	11025.000	-67.12	m
31	Waveform 1	1	118.009644630	118.076948496	0.000	11025.000	0.0673	11025.000		m
31	Spectrogram 1	1	118.009644630	118.076948496	0.000	11025.000	0.0673	11025.000	-67.69	m
32	Waveform 1	1	118.162607962	118.211556228	0.000	11025.000	0.0489	11025.000		m
32	Spectrogram 1	1	118.162607962	118.211556228	0.000	11025.000	0.0489	11025.000	-72.09	m
33	Waveform 1	1	118.239089627	118.281919360	0.000	11025.000	0.0428	11025.000		m
33	Spectrogram 1	1	118.239089627	118.281919360	0.000	11025.000	0.0428	11025.000	-68.35	m
34	Waveform 1	1	119.380195442	119.429143708	0.000	11025.000	0.0489	11025.000		m
34	Spectrogram 1	1	119.380195442	119.429143708	0.000	11025.000	0.0489	11025.000	-73.52	m
35	Waveform 1	1	119.444440042	119.493388308	0.000	11025.000	0.0489	11025.000		m
35	Spectrogram 1	1	119.444440042	119.493388308	0.000	11025.000	0.0489	11025.000	-73.05	m
36	Waveform 1	1	157.767867734	157.975897865	0.000	11025.000	0.2080	11025.000		y
36	Spectrogram 1	1	157.767867734	157.975897865	0.000	11025.000	0.2080	11025.000	-63.59	y
37	Waveform 1	1	183.199548847	183.373927045	0.000	11025.000	0.1744	11025.000		t
37	Spectrogram 1	1	183.199548847	183.373927045	0.000	11025.000	0.1744	11025.000	-77.64	t
38	Waveform 1	1	195.222465683	195.271413949	0.000	11025.000	0.0489	11025.000		m
38	Spectrogram 1	1	195.222465683	195.271413949	0.000	11025.000	0.0489	11025.000	-73.58	m
39	Waveform 1	1	195.277532482	195.329540015	0.000	11025.000	0.0520	11025.000		m
39	Spectrogram 1	1	195.277532482	195.329540015	0.000	11025.000	0.0520	11025.000	-71.72	m
40	Waveform 1	1	195.402962414	195.451910680	0.000	11025.000	0.0489	11025.000		m
40	Spectrogram 1	1	195.402962414	195.451910680	0.000	11025.000	0.0489	11025.000	-73.09	m
41	Waveform 1	1	195.454969947	195.510036746	0.000	11025.000	0.0551	11025.000		m
41	Spectrogram 1	1	195.454969947	195.510036746	0.000	11025.000	0.0551	11025.000	-73.05	m
42	Waveform 1	1	195.586518412	195.647703745	0.000	11025.000	0.0612	11025.000		m
42	Spectrogram 1	1	195.586518412	195.647703745	0.000	11025.000	0.0612	11025.000	-69.11	m
43	Waveform 1	1	201.747880120	201.839658119	0.000	11025.000	0.0918	11025.000		m
43	Spectrogram 1	1	201.747880120	201.839658119	0.000	11025.000	0.0918	11025.000	-72.70	m
44	Waveform 1	1	201.910021251	201.965088051	0.000	11025.000	0.0551	11025.000		m
44	Spectrogram 1	1	201.910021251	201.965088051	0.000	11025.000	0.0551	11025.000	-76.24	m
45	Waveform 1	1	202.800267841	202.864512441	0.000	11025.000	0.0642	11025.000		m
45	Spectrogram 1	1	202.800267841	202.864512441	0.000	11025.000	0.0642	11025.000	-64.79	m
46	Waveform 1	1	202.907342174	202.965468240	0.000	11025.000	0.0581	11025.000		m
46	Spectrogram 1	1	202.907342174	202.965468240	0.000	11025.000	0.0581	11025.000	-58.95	m
47	Waveform 1	1	203.011357239	203.069483305	0.000	11025.000	0.0581	11025.000		m
47	Spectrogram 1	1	203.011357239	203.069483305	0.000	11025.000	0.0581	11025.000	-59.09	m
48	Waveform 1	1	203.182676171	203.240802237	0.000	11025.000	0.0581	11025.000		m
48	Spectrogram 1	1	203.182676171	203.240802237	0.000	11025.000	0.0581	11025.000	-54.73	m
49	Waveform 1	1	203.301987569	203.360113635	0.000	11025.000	0.0581	11025.000		m
49	Spectrogram 1	1	203.301987569	203.360113635	0.000	11025.000	0.0581	11025.000	-58.33	m
50	Waveform 1	1	272.346557648	272.413861514	0.000	11025.000	0.0673	11025.000		l
50	Spectrogram 1	1	272.346557648	272.413861514	0.000	11025.000	0.0673	11025.000	-74.78	l
51	Waveform 1	1	312.120068164	314.445110805	0.000	9020.455	2.3250	9020.455		fluff
51	Spectrogram 1	1	312.120068164	314.445110805	0.000	9020.455	2.3250	9020.455	-62.16	fluff
52	Waveform 1	1	339.668765266	339.726891332	0.000	11025.000	0.0581	11025.000		m
52	Spectrogram 1	1	339.668765266	339.726891332	0.000	11025.000	0.0581	11025.000	-68.01	m
53	Waveform 1	1	339.736069132	339.794195198	0.000	11025.000	0.0581	11025.000		m
53	Spectrogram 1	1	339.736069132	339.794195198	0.000	11025.000	0.0581	11025.000	-69.03	m
54	Waveform 1	1	339.803372997	339.855380530	0.000	11025.000	0.0520	11025.000		m
54	Spectrogram 1	1	339.803372997	339.855380530	0.000	11025.000	0.0520	11025.000	-70.27	m
55	Waveform 1	1	339.986928995	340.032817995	0.000	11025.000	0.0459	11025.000		l
55	Spectrogram 1	1	339.986928995	340.032817995	0.000	11025.000	0.0459	11025.000	-73.14	l
56	Waveform 1	1	379.209781624	379.735975485	0.000	11025.000	0.5262	11025.000		w
56	Spectrogram 1	1	379.209781624	379.735975485	0.000	11025.000	0.5262	11025.000	-78.43	w
57	Waveform 1	1	408.649101079	408.704167878	0.000	11025.000	0.0551	11025.000		l
57	Spectrogram 1	1	408.649101079	408.704167878	0.000	11025.000	0.0551	11025.000	-68.43	l
58	Waveform 1	1	408.808182944	408.863249743	0.000	11025.000	0.0551	11025.000		m
58	Spectrogram 1	1	408.808182944	408.863249743	0.000	11025.000	0.0551	11025.000	-68.73	m
59	Waveform 1	1	409.034568674	409.086576207	0.000	11025.000	0.0520	11025.000		m
59	Spectrogram 1	1	409.034568674	409.086576207	0.000	11025.000	0.0520	11025.000	-68.64	m
60	Waveform 1	1	409.729022200	409.949289397	0.000	11025.000	0.2203	11025.000		y
60	Spectrogram 1	1	409.729022200	409.949289397	0.000	11025.000	0.2203	11025.000	-72.12	y
61	Waveform 1	1	410.242978994	410.288867994	0.000	11025.000	0.0459	11025.000		m
61	Spectrogram 1	1	410.242978994	410.288867994	0.000	11025.000	0.0459	11025.000	-72.92	m
62	Waveform 1	1	410.291927260	410.359231126	0.000	11025.000	0.0673	11025.000		m
62	Spectrogram 1	1	410.291927260	410.359231126	0.000	11025.000	0.0673	11025.000	-71.98	m
63	Waveform 1	1	410.600913190	410.655979990	0.000	11025.000	0.0551	11025.000		l
63	Spectrogram 1	1	410.600913190	410.655979990	0.000	11025.000	0.0551	11025.000	-73.75	l
64	Waveform 1	1	411.127107051	411.371848382	0.000	11025.000	0.2447	11025.000		y
64	Spectrogram 1	1	411.127107051	411.371848382	0.000	11025.000	0.2447	11025.000	-77.80	y
65	Waveform 1	1	415.761895313	415.813902845	0.000	11025.000	0.0520	11025.000		l
65	Spectrogram 1	1	415.761895313	415.813902845	0.000	11025.000	0.0520	11025.000	-76.04	l
66	Waveform 1	1	415.884265978	415.942392044	0.000	11025.000	0.0581	11025.000		m
66	Spectrogram 1	1	415.884265978	415.942392044	0.000	11025.000	0.0581	11025.000	-76.63	m
67	Waveform 1	1	415.948510577	416.012755177	0.000	11025.000	0.0642	11025.000		ca
67	Spectrogram 1	1	415.948510577	416.012755177	0.000	11025.000	0.0642	11025.000	-76.81	ca
68	Waveform 1	1	416.012755177	416.083118309	0.000	11025.000	0.0704	11025.000		ca
68	Spectrogram 1	1	416.012755177	416.083118309	0.000	11025.000	0.0704	11025.000	-73.79	ca
69	Waveform 1	1	416.239140907	416.355393039	0.000	11025.000	0.1163	11025.000		ca
69	Spectrogram 1	1	416.239140907	416.355393039	0.000	11025.000	0.1163	11025.000	-75.93	ca
70	Waveform 1	1	416.490000771	416.535889771	0.000	11025.000	0.0459	11025.000		m
70	Spectrogram 1	1	416.490000771	416.535889771	0.000	11025.000	0.0459	11025.000	-77.79	m
71	Waveform 1	1	416.642964103	416.688853102	0.000	11025.000	0.0459	11025.000		m
71	Spectrogram 1	1	416.642964103	416.688853102	0.000	11025.000	0.0459	11025.000	-78.78	m
72	Waveform 1	1	416.970305632	417.025372432	0.000	11025.000	0.0551	11025.000		m
72	Spectrogram 1	1	416.970305632	417.025372432	0.000	11025.000	0.0551	11025.000	-80.62	m
73	Waveform 1	1	419.228044064	419.289229397	0.000	11025.000	0.0612	11025.000		m
73	Spectrogram 1	1	419.228044064	419.289229397	0.000	11025.000	0.0612	11025.000	-74.40	m
74	Waveform 1	1	419.411600062	419.530911461	0.000	11025.000	0.1193	11025.000		m
74	Spectrogram 1	1	419.411600062	419.530911461	0.000	11025.000	0.1193	11025.000	-76.31	m
75	Waveform 1	1	419.585978260	419.686934059	0.000	11025.000	0.1010	11025.000		m
75	Spectrogram 1	1	419.585978260	419.686934059	0.000	11025.000	0.1010	11025.000	-74.65	m
76	Waveform 1	1	419.784830591	419.870490057	0.000	11025.000	0.0857	11025.000		m
76	Spectrogram 1	1	419.784830591	419.870490057	0.000	11025.000	0.0857	11025.000	-75.52	m
77	Waveform 1	1	447.777115783	448.055509046	0.000	11025.000	0.2784	11025.000		t
77	Spectrogram 1	1	447.777115783	448.055509046	0.000	11025.000	0.2784	11025.000	-76.79	t
78	Waveform 1	1	460.216092537	460.479189467	0.000	11025.000	0.2631	11025.000		t
78	Spectrogram 1	1	460.216092537	460.479189467	0.000	11025.000	0.2631	11025.000	-79.80	t
79	Waveform 1	1	460.555671133	460.757582731	0.000	11025.000	0.2019	11025.000		h
79	Spectrogram 1	1	460.555671133	460.757582731	0.000	11025.000	0.2019	11025.000	-61.24	h
80	Waveform 1	1	467.359479437	467.481850103	0.000	11025.000	0.1224	11025.000		p1
80	Spectrogram 1	1	467.359479437	467.481850103	0.000	11025.000	0.1224	11025.000	-63.36	p1
81	Waveform 1	1	467.546094702	467.610339301	0.000	11025.000	0.0642	11025.000		m
81	Spectrogram 1	1	467.546094702	467.610339301	0.000	11025.000	0.0642	11025.000	-69.87	m
82	Waveform 1	1	541.974985738	542.186075136	0.000	11025.000	0.2111	11025.000		h
82	Spectrogram 1	1	541.974985738	542.186075136	0.000	11025.000	0.2111	11025.000	-63.98	h
83	Waveform 1	1	543.360833523	543.480144921	0.000	11025.000	0.1193	11025.000		p2
83	Spectrogram 1	1	543.360833523	543.480144921	0.000	11025.000	0.1193	11025.000	-62.32	p2
84	Waveform 1	1	544.670199641	544.725266441	0.000	11025.000	0.0551	11025.000		m
84	Spectrogram 1	1	544.670199641	544.725266441	0.000	11025.000	0.0551	11025.000	-65.76	m
85	Waveform 1	1	547.854895863	547.909962662	0.000	11025.000	0.0551	11025.000		l
85	Spectrogram 1	1	547.854895863	547.909962662	0.000	11025.000	0.0551	11025.000	-60.94	l
86	Waveform 1	1	548.136348393	548.182237392	0.000	11025.000	0.0459	11025.000		l
86	Spectrogram 1	1	548.136348393	548.182237392	0.000	11025.000	0.0459	11025.000	-66.57	l
87	Waveform 1	1	560.810888678	561.006681742	0.000	11025.000	0.1958	11025.000		h
87	Spectrogram 1	1	560.810888678	561.006681742	0.000	11025.000	0.1958	11025.000	-62.50	h
88	Waveform 1	1	563.359257440	563.555050504	0.000	11025.000	0.1958	11025.000		h
88	Spectrogram 1	1	563.359257440	563.555050504	0.000	11025.000	0.1958	11025.000	-59.45	h
89	Waveform 1	1	565.760781746	565.953515544	0.000	11025.000	0.1927	11025.000		h
89	Spectrogram 1	1	565.760781746	565.953515544	0.000	11025.000	0.1927	11025.000	-59.84	h
90	Waveform 1	1	597.084604289	597.139671088	0.000	11025.000	0.0551	11025.000		m
90	Spectrogram 1	1	597.084604289	597.139671088	0.000	11025.000	0.0551	11025.000	-62.28	m
91	Waveform 1	1	597.151908154	597.206974954	0.000	11025.000	0.0551	11025.000		m
91	Spectrogram 1	1	597.151908154	597.206974954	0.000	11025.000	0.0551	11025.000	-56.64	m
92	Waveform 1	1	598.791675069	599.015001534	0.000	11025.000	0.2233	11025.000		h
92	Spectrogram 1	1	598.791675069	599.015001534	0.000	11025.000	0.2233	11025.000	-68.41	h
93	Waveform 1	1	600.078096688	600.191289554	0.000	11025.000	0.1132	11025.000		p1
93	Spectrogram 1	1	600.078096688	600.191289554	0.000	11025.000	0.1132	11025.000	-59.91	p1
94	Waveform 1	1	608.995856814	609.194709145	0.000	11025.000	0.1989	11025.000		h
94	Spectrogram 1	1	608.995856814	609.194709145	0.000	11025.000	0.1989	11025.000	-59.39	h
95	Waveform 1	1	610.825298261	611.002735725	0.000	11025.000	0.1774	11025.000		h
95	Spectrogram 1	1	610.825298261	611.002735725	0.000	11025.000	0.1774	11025.000	-59.08	h
96	Waveform 1	1	616.087236182	616.240199513	0.000	11025.000	0.1530	11025.000		se
96	Spectrogram 1	1	616.087236182	616.240199513	0.000	11025.000	0.1530	11025.000	-76.95	se
97	Waveform 1	1	616.625667109	616.827578707	0.000	11025.000	0.2019	11025.000		h
97	Spectrogram 1	1	616.625667109	616.827578707	0.000	11025.000	0.2019	11025.000	-61.01	h
98	Waveform 1	1	616.931593772	616.989719838	0.000	11025.000	0.0581	11025.000		m
98	Spectrogram 1	1	616.931593772	616.989719838	0.000	11025.000	0.0581	11025.000	-71.76	m
99	Waveform 1	1	637.492921984	637.731544781	0.000	11025.000	0.2386	11025.000		h
99	Spectrogram 1	1	637.492921984	637.731544781	0.000	11025.000	0.2386	11025.000	-82.12	h
100	Waveform 1	1	678.474851454	678.741007651	0.000	11025.000	0.2662	11025.000		h
100	Spectrogram 1	1	678.474851454	678.741007651	0.000	11025.000	0.2662	11025.000	-75.55	h
101	Waveform 1	1	681.053813226	681.237369223	0.000	11025.000	0.1836	11025.000		h
101	Spectrogram 1	1	681.053813226	681.237369223	0.000	11025.000	0.1836	11025.000	-63.22	h
102	Waveform 1	1	780.547263093	780.892960222	0.000	11025.000	0.3457	11025.000		pu
102	Spectrogram 1	1	780.547263093	780.892960222	0.000	11025.000	0.3457	11025.000	-78.01	pu
103	Waveform 1	1	782.578616137	783.028328332	0.000	11025.000	0.4497	11025.000		pu
103	Spectrogram 1	1	782.578616137	783.028328332	0.000	11025.000	0.4497	11025.000	-77.65	pu
104	Waveform 1	1	784.579376171	784.750695102	0.000	11025.000	0.1713	11025.000		pu
104	Spectrogram 1	1	784.579376171	784.750695102	0.000	11025.000	0.1713	11025.000	-77.17	pu
105	Waveform 1	1	787.243997065	787.439790129	0.000	11025.000	0.1958	11025.000		pu
105	Spectrogram 1	1	787.243997065	787.439790129	0.000	11025.000	0.1958	11025.000	-82.01	pu
106	Waveform 1	1	788.672674582	788.837874980	0.000	11025.000	0.1652	11025.000		pu
106	Spectrogram 1	1	788.672674582	788.837874980	0.000	11025.000	0.1652	11025.000	-81.20	pu
107	Waveform 1	1	790.223722765	790.318560030	0.000	11025.000	0.0948	11025.000		m
107	Spectrogram 1	1	790.223722765	790.318560030	0.000	11025.000	0.0948	11025.000	-69.60	m
108	Waveform 1	1	794.139557902	794.295580501	0.000	11025.000	0.1560	11025.000		pu
108	Spectrogram 1	1	794.139557902	794.295580501	0.000	11025.000	0.1560	11025.000	-74.52	pu
109	Waveform 1	1	794.307817567	794.647396163	0.000	11025.000	0.3396	11025.000		pu
109	Spectrogram 1	1	794.307817567	794.647396163	0.000	11025.000	0.3396	11025.000	-76.38	pu
110	Waveform 1	1	794.733055629	795.161352958	0.000	11025.000	0.4283	11025.000		pu
110	Spectrogram 1	1	794.733055629	795.161352958	0.000	11025.000	0.4283	11025.000	-74.07	pu
111	Waveform 1	1	795.476457421	795.660013419	0.000	11025.000	0.1836	11025.000		pu
111	Spectrogram 1	1	795.476457421	795.660013419	0.000	11025.000	0.1836	11025.000	-74.08	pu
112	Waveform 1	1	795.907814016	796.112784880	0.000	11025.000	0.2050	11025.000		pu
112	Spectrogram 1	1	795.907814016	796.112784880	0.000	11025.000	0.2050	11025.000	-75.98	pu
113	Waveform 1	1	796.825594006	797.293661801	0.000	3157.159	0.4681	3157.159		pu
113	Spectrogram 1	1	796.825594006	797.293661801	0.000	3157.159	0.4681	3157.159	-72.20	pu
114	Waveform 1	1	797.969759726	798.199204724	0.000	11025.000	0.2294	11025.000		pu
114	Spectrogram 1	1	797.969759726	798.199204724	0.000	11025.000	0.2294	11025.000	-78.86	pu
115	Waveform 1	1	798.388879255	798.658094719	0.000	11025.000	0.2692	11025.000		pu
115	Spectrogram 1	1	798.388879255	798.658094719	0.000	11025.000	0.2692	11025.000	-77.66	pu
116	Waveform 1	1	801.341070410	801.845849405	0.000	11025.000	0.5048	11025.000		pu
116	Spectrogram 1	1	801.341070410	801.845849405	0.000	11025.000	0.5048	11025.000	-71.49	pu
117	Waveform 1	1	805.917732949	806.303200545	0.000	11025.000	0.3855	11025.000		pu
117	Spectrogram 1	1	805.917732949	806.303200545	0.000	11025.000	0.3855	11025.000	-77.65	pu
118	Waveform 1	1	807.061898327	807.398417656	0.000	11025.000	0.3365	11025.000		pu
118	Spectrogram 1	1	807.061898327	807.398417656	0.000	11025.000	0.3365	11025.000	-72.40	pu
119	Waveform 1	1	807.842011318	807.985796850	0.000	11025.000	0.1438	11025.000		pu
119	Spectrogram 1	1	807.842011318	807.985796850	0.000	11025.000	0.1438	11025.000	-69.68	pu
120	Waveform 1	1	809.022888238	809.368585367	0.000	11025.000	0.3457	11025.000		pu
120	Spectrogram 1	1	809.022888238	809.368585367	0.000	11025.000	0.3457	11025.000	-74.22	pu
121	Waveform 1	1	810.338362402	810.766659731	0.000	11025.000	0.4283	11025.000		pu
121	Spectrogram 1	1	810.338362402	810.766659731	0.000	11025.000	0.4283	11025.000	-75.09	pu
122	Waveform 1	1	811.574306122	812.195337248	0.000	11025.000	0.6210	11025.000		pu
122	Spectrogram 1	1	811.574306122	812.195337248	0.000	11025.000	0.6210	11025.000	-77.34	pu
123	Waveform 1	1	812.492086112	813.134532104	0.000	11025.000	0.6424	11025.000		t
123	Spectrogram 1	1	812.492086112	813.134532104	0.000	11025.000	0.6424	11025.000	-68.83	t
124	Waveform 1	1	814.241986282	814.581564878	0.000	11025.000	0.3396	11025.000		t
124	Spectrogram 1	1	814.241986282	814.581564878	0.000	11025.000	0.3396	11025.000	-73.75	t
125	Waveform 1	1	814.633572411	815.487107801	0.000	11025.000	0.8535	11025.000		pu
125	Spectrogram 1	1	814.633572411	815.487107801	0.000	11025.000	0.8535	11025.000	-77.75	pu
126	Waveform 1	1	816.355939525	816.940259452	0.000	11025.000	0.5843	11025.000		pu
126	Spectrogram 1	1	816.355939525	816.940259452	0.000	11025.000	0.5843	11025.000	-64.00	pu
127	Waveform 1	1	817.812149366	818.111957496	0.000	11025.000	0.2998	11025.000		pu
127	Spectrogram 1	1	817.812149366	818.111957496	0.000	11025.000	0.2998	11025.000	-64.48	pu
128	Waveform 1	1	819.274478817	819.399908749	0.000	11025.000	0.1254	11025.000		pu
128	Spectrogram 1	1	819.274478817	819.399908749	0.000	11025.000	0.1254	11025.000	-75.06	pu
129	Waveform 1	1	853.951259678	854.012445011	0.000	11025.000	0.0612	11025.000		cl
129	Spectrogram 1	1	853.951259678	854.012445011	0.000	11025.000	0.0612	11025.000	-63.67	cl
130	Waveform 1	1	854.241890008	854.287779008	0.000	11025.000	0.0459	11025.000		cl
130	Spectrogram 1	1	854.241890008	854.287779008	0.000	11025.000	0.0459	11025.000	-63.81	cl
131	Waveform 1	1	854.553935205	854.602883471	0.000	11025.000	0.0489	11025.000		cl
131	Spectrogram 1	1	854.553935205	854.602883471	0.000	11025.000	0.0489	11025.000	-64.58	cl
132	Waveform 1	1	854.875158201	854.927165734	0.000	11025.000	0.0520	11025.000		cl
132	Spectrogram 1	1	854.875158201	854.927165734	0.000	11025.000	0.0520	11025.000	-64.91	cl
133	Waveform 1	1	855.548196517	855.600204050	0.000	11025.000	0.0520	11025.000		cl
133	Spectrogram 1	1	855.548196517	855.600204050	0.000	11025.000	0.0520	11025.000	-66.28	cl
134	Waveform 1	1	856.233472243	856.285479776	0.000	11025.000	0.0520	11025.000		cl
134	Spectrogram 1	1	856.233472243	856.285479776	0.000	11025.000	0.0520	11025.000	-67.49	cl
135	Waveform 1	1	856.652591772	856.704599304	0.000	11025.000	0.0520	11025.000		cl
135	Spectrogram 1	1	856.652591772	856.704599304	0.000	11025.000	0.0520	11025.000	-68.54	cl
136	Waveform 1	1	858.215875911	858.833847771	0.000	11025.000	0.6180	11025.000		pu
136	Spectrogram 1	1	858.215875911	858.833847771	0.000	11025.000	0.6180	11025.000	-80.57	pu
137	Waveform 1	1	858.849145214	858.898093480	0.000	11025.000	0.0489	11025.000		cl
137	Spectrogram 1	1	858.849145214	858.898093480	0.000	11025.000	0.0489	11025.000	-68.22	cl
138	Waveform 1	1	859.711856951	860.461377276	0.000	11025.000	0.7495	11025.000		pu
138	Spectrogram 1	1	859.711856951	860.461377276	0.000	11025.000	0.7495	11025.000	-80.61	pu
139	Waveform 1	1	861.161949335	861.339386800	0.000	11025.000	0.1774	11025.000		pu
139	Spectrogram 1	1	861.161949335	861.339386800	0.000	11025.000	0.1774	11025.000	-75.34	pu
140	Waveform 1	1	861.721795129	861.914528927	0.000	11025.000	0.1927	11025.000		pu
140	Spectrogram 1	1	861.721795129	861.914528927	0.000	11025.000	0.1927	11025.000	-79.33	pu
141	Waveform 1	1	862.358121136	863.725613321	0.000	11025.000	1.3675	11025.000		pu
141	Spectrogram 1	1	862.358121136	863.725613321	0.000	11025.000	1.3675	11025.000	-78.78	pu
142	Waveform 1	1	879.679687436	879.866302700	0.000	11025.000	0.1866	11025.000		pu
142	Spectrogram 1	1	879.679687436	879.866302700	0.000	11025.000	0.1866	11025.000	-81.53	pu
143	Waveform 1	1	880.117162564	880.181407164	0.000	11025.000	0.0642	11025.000		l
143	Spectrogram 1	1	880.117162564	880.181407164	0.000	11025.000	0.0642	11025.000	-76.51	l
144	Waveform 1	1	880.285422229	880.355785362	0.000	11025.000	0.0704	11025.000		l
144	Spectrogram 1	1	880.285422229	880.355785362	0.000	11025.000	0.0704	11025.000	-75.08	l
145	Waveform 1	1	880.364963162	880.423089228	0.000	11025.000	0.0581	11025.000		m
145	Spectrogram 1	1	880.364963162	880.423089228	0.000	11025.000	0.0581	11025.000	-69.66	m
146	Waveform 1	1	898.068935229	898.166831761	0.000	11025.000	0.0979	11025.000		c
146	Spectrogram 1	1	898.068935229	898.166831761	0.000	11025.000	0.0979	11025.000	-71.04	c
147	Waveform 1	1	898.228017094	898.304498759	0.000	11025.000	0.0765	11025.000		p1
147	Spectrogram 1	1	898.228017094	898.304498759	0.000	11025.000	0.0765	11025.000	-65.16	p1
148	Waveform 1	1	900.739674655	901.054779119	0.000	11025.000	0.3151	11025.000		t
148	Spectrogram 1	1	900.739674655	901.054779119	0.000	11025.000	0.3151	11025.000	-78.52	t
149	Waveform 1	1	901.067016185	901.379061382	0.000	11025.000	0.3120	11025.000		t
149	Spectrogram 1	1	901.067016185	901.379061382	0.000	11025.000	0.3120	11025.000	-81.69	t
150	Waveform 1	1	901.553439580	902.688427500	0.000	11025.000	1.1350	11025.000		pu
150	Spectrogram 1	1	901.553439580	902.688427500	0.000	11025.000	1.1350	11025.000	-80.36	pu
151	Waveform 1	1	902.954583697	903.275806694	0.000	11025.000	0.3212	11025.000		pu
151	Spectrogram 1	1	902.954583697	903.275806694	0.000	11025.000	0.3212	11025.000	-78.12	pu
152	Waveform 1	1	903.468540148	903.994734009	0.000	11025.000	0.5262	11025.000		h
152	Spectrogram 1	1	903.468540148	903.994734009	0.000	11025.000	0.5262	11025.000	-72.39	h
153	Waveform 1	1	904.924751065	905.242914795	0.000	11025.000	0.3182	11025.000		h
153	Spectrogram 1	1	904.924751065	905.242914795	0.000	11025.000	0.3182	11025.000	-72.60	h
154	Waveform 1	1	905.374463260	906.163754052	0.000	11025.000	0.7893	11025.000		pu
154	Spectrogram 1	1	905.374463260	906.163754052	0.000	11025.000	0.7893	11025.000	-81.14	pu
155	Waveform 1	1	906.653236713	907.090711841	0.000	11025.000	0.4375	11025.000		h
155	Spectrogram 1	1	906.653236713	907.090711841	0.000	11025.000	0.4375	11025.000	-72.26	h
156	Waveform 1	1	907.170252430	907.583253426	0.000	11025.000	0.4130	11025.000		pu
156	Spectrogram 1	1	907.170252430	907.583253426	0.000	11025.000	0.4130	11025.000	-81.13	pu
157	Waveform 1	1	908.097210220	908.329714484	0.000	11025.000	0.2325	11025.000		t
157	Spectrogram 1	1	908.097210220	908.329714484	0.000	11025.000	0.2325	11025.000	-73.97	t
158	Waveform 1	1	908.384781284	908.966041944	0.000	11025.000	0.5813	11025.000		pu
158	Spectrogram 1	1	908.384781284	908.966041944	0.000	11025.000	0.5813	11025.000	-78.79	pu
159	Waveform 1	1	909.443287538	910.223400530	0.000	11025.000	0.7801	11025.000		pu
159	Spectrogram 1	1	909.443287538	910.223400530	0.000	11025.000	0.7801	11025.000	-71.25	pu
160	Waveform 1	1	910.728178071	911.630661728	0.000	11025.000	0.9025	11025.000		pu
160	Spectrogram 1	1	910.728178071	911.630661728	0.000	11025.000	0.9025	11025.000	-76.01	pu
161	Waveform 1	1	912.120144389	912.453604452	0.000	11025.000	0.3335	11025.000		t
161	Spectrogram 1	1	912.120144389	912.453604452	0.000	11025.000	0.3335	11025.000	-70.27	t
162	Waveform 1	1	912.504082352	913.253602676	0.000	11025.000	0.7495	11025.000		pu
162	Spectrogram 1	1	912.504082352	913.253602676	0.000	11025.000	0.7495	11025.000	-77.26	pu
163	Waveform 1	1	913.840980908	914.492604700	0.000	11025.000	0.6516	11025.000		pu
163	Spectrogram 1	1	913.840980908	914.492604700	0.000	11025.000	0.6516	11025.000	-76.21	pu
164	Waveform 1	1	914.856657430	915.266599158	0.000	11025.000	0.4099	11025.000		pu
164	Spectrogram 1	1	914.856657430	915.266599158	0.000	11025.000	0.4099	11025.000	-76.59	pu
165	Waveform 1	1	915.477688556	915.529696089	0.000	11025.000	0.0520	11025.000		cl
165	Spectrogram 1	1	915.477688556	915.529696089	0.000	11025.000	0.0520	11025.000	-76.40	cl
166	Waveform 1	1	915.753022553	915.795852286	0.000	11025.000	0.0428	11025.000		cl
166	Spectrogram 1	1	915.753022553	915.795852286	0.000	11025.000	0.0428	11025.000	-80.37	cl
167	Waveform 1	1	916.016119483	916.062008483	0.000	11025.000	0.0459	11025.000		cl
167	Spectrogram 1	1	916.016119483	916.062008483	0.000	11025.000	0.0459	11025.000	-78.89	cl
168	Waveform 1	1	916.224149614	916.627972810	0.000	11025.000	0.4038	11025.000		pu
168	Spectrogram 1	1	916.224149614	916.627972810	0.000	11025.000	0.4038	11025.000	-80.33	pu
169	Waveform 1	1	918.858176864	919.222229594	0.000	11025.000	0.3641	11025.000		pu
169	Spectrogram 1	1	918.858176864	919.222229594	0.000	11025.000	0.3641	11025.000	-60.56	pu
170	Waveform 1	1	929.504423715	929.920483977	0.000	11025.000	0.4161	11025.000		pu
170	Spectrogram 1	1	929.504423715	929.920483977	0.000	11025.000	0.4161	11025.000	-67.82	pu
171	Waveform 1	1	945.559453630	945.981632425	0.000	11025.000	0.4222	11025.000		pu
171	Spectrogram 1	1	945.559453630	945.981632425	0.000	11025.000	0.4222	11025.000	-73.08	pu
172	Waveform 1	1	946.220255222	946.908590215	0.000	11025.000	0.6883	11025.000		pu
172	Spectrogram 1	1	946.220255222	946.908590215	0.000	11025.000	0.6883	11025.000	-69.44	pu
173	Waveform 1	1	947.000368214	947.358302410	0.000	11025.000	0.3579	11025.000		pu
173	Spectrogram 1	1	947.000368214	947.358302410	0.000	11025.000	0.3579	11025.000	-69.77	pu
174	Waveform 1	1	947.596925207	948.260786066	0.000	11025.000	0.6639	11025.000		pu
174	Spectrogram 1	1	947.596925207	948.260786066	0.000	11025.000	0.6639	11025.000	-72.64	pu
175	Waveform 1	1	948.386215032	949.163268757	0.000	11025.000	0.7771	11025.000		pu
175	Spectrogram 1	1	948.386215032	949.163268757	0.000	11025.000	0.7771	11025.000	-75.76	pu
176	Waveform 1	1	949.432484221	949.891374215	0.000	11025.000	0.4589	11025.000		pu
176	Spectrogram 1	1	949.432484221	949.891374215	0.000	11025.000	0.4589	11025.000	-79.45	pu
177	Waveform 1	1	949.980092948	950.558294341	0.000	11025.000	0.5782	11025.000		pu
177	Spectrogram 1	1	949.980092948	950.558294341	0.000	11025.000	0.5782	11025.000	-76.52	pu
178	Waveform 1	1	966.148314618	966.215618484	0.000	11025.000	0.0673	11025.000		cl
178	Spectrogram 1	1	966.148314618	966.215618484	0.000	11025.000	0.0673	11025.000	-73.69	cl
179	Waveform 1	1	973.267226276	973.398774741	0.000	11025.000	0.1315	11025.000		pu
179	Spectrogram 1	1	973.267226276	973.398774741	0.000	11025.000	0.1315	11025.000	-77.88	pu
180	Waveform 1	1	977.589969310	977.963199839	0.000	11025.000	0.3732	11025.000		pu
180	Spectrogram 1	1	977.589969310	977.963199839	0.000	11025.000	0.3732	11025.000	-79.16	pu
181	Waveform 1	1	978.679068231	978.880979829	0.000	11025.000	0.2019	11025.000		pu
181	Spectrogram 1	1	978.679068231	978.880979829	0.000	11025.000	0.2019	11025.000	-78.67	pu
182	Waveform 1	1	980.734895408	981.037762805	0.000	11025.000	0.3029	11025.000		pu
182	Spectrogram 1	1	980.734895408	981.037762805	0.000	11025.000	0.3029	11025.000	-78.97	pu
183	Waveform 1	1	1024.350850426	1024.519110091	0.000	11025.000	0.1683	11025.000		pu
183	Spectrogram 1	1	1024.350850426	1024.519110091	0.000	11025.000	0.1683	11025.000	-80.36	pu
184	Waveform 1	1	1024.644540023	1025.060600285	0.000	11025.000	0.4161	11025.000		pu
184	Spectrogram 1	1	1024.644540023	1025.060600285	0.000	11025.000	0.4161	11025.000	-78.03	pu
185	Waveform 1	1	1043.997457914	1044.260554844	0.000	11025.000	0.2631	11025.000		pu
185	Spectrogram 1	1	1043.997457914	1044.260554844	0.000	11025.000	0.2631	11025.000	-80.27	pu
186	Waveform 1	1	1047.328998933	1047.390184266	0.000	11025.000	0.0612	11025.000		cl
186	Spectrogram 1	1	1047.328998933	1047.390184266	0.000	11025.000	0.0612	11025.000	-78.75	cl
187	Waveform 1	1	1049.482721190	1049.550025056	0.000	11025.000	0.0673	11025.000		cl
187	Spectrogram 1	1	1049.482721190	1049.550025056	0.000	11025.000	0.0673	11025.000	-76.29	cl
188	Waveform 1	1	1050.109870850	1050.171056182	0.000	11025.000	0.0612	11025.000		cl
188	Spectrogram 1	1	1050.109870850	1050.171056182	0.000	11025.000	0.0612	11025.000	-81.51	cl
189	Waveform 1	1	1060.101434642	1060.257457240	0.000	11025.000	0.1560	11025.000		pu
189	Spectrogram 1	1	1060.101434642	1060.257457240	0.000	11025.000	0.1560	11025.000	-80.82	pu
190	Waveform 1	1	1060.639865569	1060.841777167	0.000	11025.000	0.2019	11025.000		pu
190	Spectrogram 1	1	1060.639865569	1060.841777167	0.000	11025.000	0.2019	11025.000	-77.97	pu
191	Waveform 1	1	1061.946172421	1062.132787686	0.000	11025.000	0.1866	11025.000		pu
191	Spectrogram 1	1	1061.946172421	1062.132787686	0.000	11025.000	0.1866	11025.000	-77.08	pu
192	Waveform 1	1	1065.302187574	1065.546928904	0.000	11025.000	0.2447	11025.000		pu
192	Spectrogram 1	1	1065.302187574	1065.546928904	0.000	11025.000	0.2447	11025.000	-81.85	pu
193	Waveform 1	1	1065.852855567	1066.106774698	0.000	11025.000	0.2539	11025.000		pu
193	Spectrogram 1	1	1065.852855567	1066.106774698	0.000	11025.000	0.2539	11025.000	-77.45	pu
194	Waveform 1	1	1067.887267535	1068.306387063	0.000	11025.000	0.4191	11025.000		pu
194	Spectrogram 1	1	1067.887267535	1068.306387063	0.000	11025.000	0.4191	11025.000	-76.04	pu
195	Waveform 1	1	1082.385127405	1082.602335336	0.000	11025.000	0.2172	11025.000		h
195	Spectrogram 1	1	1082.385127405	1082.602335336	0.000	11025.000	0.2172	11025.000	-79.47	h
196	Waveform 1	1	1083.706730590	1083.746501056	0.000	11025.000	0.0398	11025.000		l
196	Spectrogram 1	1	1083.706730590	1083.746501056	0.000	11025.000	0.0398	11025.000	-78.50	l
197	Waveform 1	1	1083.764856656	1083.804627122	0.000	11025.000	0.0398	11025.000		l
197	Spectrogram 1	1	1083.764856656	1083.804627122	0.000	11025.000	0.0398	11025.000	-77.25	l
198	Waveform 1	1	1102.928097798	1103.050468463	0.000	11025.000	0.1224	11025.000		b
198	Spectrogram 1	1	1102.928097798	1103.050468463	0.000	11025.000	0.1224	11025.000	-68.48	b
199	Waveform 1	1	1118.040872480	1118.123472679	0.000	11025.000	0.0826	11025.000		sh
199	Spectrogram 1	1	1118.040872480	1118.123472679	0.000	11025.000	0.0826	11025.000	-76.58	sh
200	Waveform 1	1	1127.212550595	1127.322684194	0.000	11025.000	0.1101	11025.000		sh
200	Spectrogram 1	1	1127.212550595	1127.322684194	0.000	11025.000	0.1101	11025.000	-74.91	sh
201	Waveform 1	1	1127.536832858	1128.191515918	0.000	11025.000	0.6547	11025.000		pu
201	Spectrogram 1	1	1127.536832858	1128.191515918	0.000	11025.000	0.6547	11025.000	-73.43	pu
202	Waveform 1	1	1129.583482235	1129.705852901	0.000	11025.000	0.1224	11025.000		pu
202	Spectrogram 1	1	1129.583482235	1129.705852901	0.000	11025.000	0.1224	11025.000	-76.96	pu
203	Waveform 1	1	1147.954375538	1148.006383070	0.000	11025.000	0.0520	11025.000		cl
203	Spectrogram 1	1	1147.954375538	1148.006383070	0.000	11025.000	0.0520	11025.000	-77.15	cl
204	Waveform 1	1	1149.349399669	1149.398347936	0.000	11025.000	0.0489	11025.000		l
204	Spectrogram 1	1	1149.349399669	1149.398347936	0.000	11025.000	0.0489	11025.000	-74.98	l
205	Waveform 1	1	1160.020117326	1160.503481453	0.000	11025.000	0.4834	11025.000		pu
205	Spectrogram 1	1	1160.020117326	1160.503481453	0.000	11025.000	0.4834	11025.000	-77.46	pu
206	Waveform 1	1	1162.299250954	1162.981467413	0.000	11025.000	0.6822	11025.000		pu
206	Spectrogram 1	1	1162.299250954	1162.981467413	0.000	11025.000	0.6822	11025.000	-67.76	pu
207	Waveform 1	1	1164.306129865	1164.587582395	0.000	11025.000	0.2815	11025.000		pu
207	Spectrogram 1	1	1164.306129865	1164.587582395	0.000	11025.000	0.2815	11025.000	-74.70	pu
208	Waveform 1	1	1202.748869483	1203.015025680	0.000	11025.000	0.2662	11025.000		h
208	Spectrogram 1	1	1202.748869483	1203.015025680	0.000	11025.000	0.2662	11025.000	-76.67	h
209	Waveform 1	1	1204.786341060	1205.067793590	0.000	11025.000	0.2815	11025.000		pu
209	Spectrogram 1	1	1204.786341060	1205.067793590	0.000	11025.000	0.2815	11025.000	-79.38	pu
210	Waveform 1	1	1212.835270884	1213.073893681	0.000	11025.000	0.2386	11025.000		h
210	Spectrogram 1	1	1212.835270884	1213.073893681	0.000	11025.000	0.2386	11025.000	-77.85	h
211	Waveform 1	1	1223.460102869	1223.723199799	0.000	11025.000	0.2631	11025.000		h
211	Spectrogram 1	1	1223.460102869	1223.723199799	0.000	11025.000	0.2631	11025.000	-81.20	h
212	Waveform 1	1	1229.710183912	1229.967162309	0.000	11025.000	0.2570	11025.000		h
212	Spectrogram 1	1	1229.710183912	1229.967162309	0.000	11025.000	0.2570	11025.000	-80.27	h
213	Waveform 1	1	1230.003873509	1230.101770041	0.000	11025.000	0.0979	11025.000		l
213	Spectrogram 1	1	1230.003873509	1230.101770041	0.000	11025.000	0.0979	11025.000	-79.90	l
214	Waveform 1	1	1230.594311969	1230.695267768	0.000	11025.000	0.1010	11025.000		l
214	Spectrogram 1	1	1230.594311969	1230.695267768	0.000	11025.000	0.1010	11025.000	-80.16	l
215	Waveform 1	1	1232.029108020	1232.273849350	0.000	11025.000	0.2447	11025.000		h
215	Spectrogram 1	1	1232.029108020	1232.273849350	0.000	11025.000	0.2447	11025.000	-78.15	h
216	Waveform 1	1	1235.366767572	1235.593153303	0.000	11025.000	0.2264	11025.000		h
216	Spectrogram 1	1	1235.366767572	1235.593153303	0.000	11025.000	0.2264	11025.000	-79.42	h
217	Waveform 1	1	1236.679192958	1236.734259757	0.000	11025.000	0.0551	11025.000		cl
217	Spectrogram 1	1	1236.679192958	1236.734259757	0.000	11025.000	0.0551	11025.000	-75.35	cl
218	Waveform 1	1	1238.955286945	1239.909778134	0.000	11025.000	0.9545	11025.000		pu
218	Spectrogram 1	1	1238.955286945	1239.909778134	0.000	11025.000	0.9545	11025.000	-74.32	pu
219	Waveform 1	1	1240.267706196	1240.839789056	0.000	11025.000	0.5721	11025.000		pu
219	Spectrogram 1	1	1240.267706196	1240.839789056	0.000	11025.000	0.5721	11025.000	-75.58	pu
220	Waveform 1	1	1240.907092922	1241.491412849	0.000	11025.000	0.5843	11025.000		pu
220	Spectrogram 1	1	1240.907092922	1241.491412849	0.000	11025.000	0.5843	11025.000	-75.52	pu
221	Waveform 1	1	1242.069614242	1242.302118506	0.000	11025.000	0.2325	11025.000		h
221	Spectrogram 1	1	1242.069614242	1242.302118506	0.000	11025.000	0.2325	11025.000	-77.58	h
222	Waveform 1	1	1242.219518307	1242.265407307	0.000	11025.000	0.0459	11025.000		cl
222	Spectrogram 1	1	1242.219518307	1242.265407307	0.000	11025.000	0.0459	11025.000	-73.48	cl
223	Waveform 1	1	1244.972857933	1245.168650998	0.000	11025.000	0.1958	11025.000		h
223	Spectrogram 1	1	1244.972857933	1245.168650998	0.000	11025.000	0.1958	11025.000	-78.08	h
224	Waveform 1	1	1250.219499521	1250.265388521	0.000	11025.000	0.0459	11025.000		m
224	Spectrogram 1	1	1250.219499521	1250.265388521	0.000	11025.000	0.0459	11025.000	-78.72	m
225	Waveform 1	1	1250.295981187	1250.344929453	0.000	11025.000	0.0489	11025.000		m
225	Spectrogram 1	1	1250.295981187	1250.344929453	0.000	11025.000	0.0489	11025.000	-77.02	m
226	Waveform 1	1	1250.415292586	1250.687567316	0.000	11025.000	0.2723	11025.000		h
226	Spectrogram 1	1	1250.415292586	1250.687567316	0.000	11025.000	0.2723	11025.000	-77.54	h
227	Waveform 1	1	1250.452003785	1250.513189118	0.000	11025.000	0.0612	11025.000		m
227	Spectrogram 1	1	1250.452003785	1250.513189118	0.000	11025.000	0.0612	11025.000	-73.28	m
228	Waveform 1	1	1256.796922438	1257.056960102	0.000	11025.000	0.2600	11025.000		h
228	Spectrogram 1	1	1256.796922438	1257.056960102	0.000	11025.000	0.2600	11025.000	-78.26	h
229	Waveform 1	1	1259.378943132	1259.430950665	0.000	11025.000	0.0520	11025.000		cl
229	Spectrogram 1	1	1259.378943132	1259.430950665	0.000	11025.000	0.0520	11025.000	-70.53	cl
230	Waveform 1	1	1259.449306265	1259.495195264	0.000	11025.000	0.0459	11025.000		l
230	Spectrogram 1	1	1259.449306265	1259.495195264	0.000	11025.000	0.0459	11025.000	-75.55	l
231	Waveform 1	1	1259.559439864	1259.614506663	0.000	11025.000	0.0551	11025.000		l
231	Spectrogram 1	1	1259.559439864	1259.614506663	0.000	11025.000	0.0551	11025.000	-71.26	l
232	Waveform 1	1	1259.617565930	1259.675691996	0.000	11025.000	0.0581	11025.000		l
232	Spectrogram 1	1	1259.617565930	1259.675691996	0.000	11025.000	0.0581	11025.000	-73.59	l
233	Waveform 1	1	1259.727699529	1260.119285657	0.000	11025.000	0.3916	11025.000		t
233	Spectrogram 1	1	1259.727699529	1260.119285657	0.000	11025.000	0.3916	11025.000	-76.58	t
234	Waveform 1	1	1260.247774856	1260.299782389	0.000	11025.000	0.0520	11025.000		cl
234	Spectrogram 1	1	1260.247774856	1260.299782389	0.000	11025.000	0.0520	11025.000	-71.70	cl
235	Waveform 1	1	1260.339552855	1260.388501121	0.000	11025.000	0.0489	11025.000		m
235	Spectrogram 1	1	1260.339552855	1260.388501121	0.000	11025.000	0.0489	11025.000	-78.61	m
236	Waveform 1	1	1260.645479518	1260.697487051	0.000	11025.000	0.0520	11025.000		m
236	Spectrogram 1	1	1260.645479518	1260.697487051	0.000	11025.000	0.0520	11025.000	-76.82	m
237	Waveform 1	1	1260.712783384	1260.773968717	0.000	11025.000	0.0612	11025.000		m
237	Spectrogram 1	1	1260.712783384	1260.773968717	0.000	11025.000	0.0612	11025.000	-75.51	m
238	Waveform 1	1	1260.936109848	1260.985058114	0.000	11025.000	0.0489	11025.000		cl
238	Spectrogram 1	1	1260.936109848	1260.985058114	0.000	11025.000	0.0489	11025.000	-72.05	cl
239	Waveform 1	1	1261.428651776	1261.480659309	0.000	11025.000	0.0520	11025.000		cl
239	Spectrogram 1	1	1261.428651776	1261.480659309	0.000	11025.000	0.0520	11025.000	-73.29	cl
240	Waveform 1	1	1262.000734293	1262.064978892	0.000	11025.000	0.0642	11025.000		cl
240	Spectrogram 1	1	1262.000734293	1262.064978892	0.000	11025.000	0.0642	11025.000	-71.63	cl
241	Waveform 1	1	1264.310480601	1264.561340465	0.000	11025.000	0.2509	11025.000		h
241	Spectrogram 1	1	1264.310480601	1264.561340465	0.000	11025.000	0.2509	11025.000	-77.09	h
242	Waveform 1	1	1269.379684724	1269.627485321	0.000	11025.000	0.2478	11025.000		h
242	Spectrogram 1	1	1269.379684724	1269.627485321	0.000	11025.000	0.2478	11025.000	-74.90	h
243	Waveform 1	1	1272.998796807	1273.209886205	0.000	11025.000	0.2111	11025.000		h
243	Spectrogram 1	1	1272.998796807	1273.209886205	0.000	11025.000	0.2111	11025.000	-76.06	h
244	Waveform 1	1	1279.955568443	1280.218665373	0.000	11025.000	0.2631	11025.000		h
244	Spectrogram 1	1	1279.955568443	1280.218665373	0.000	11025.000	0.2631	11025.000	-79.63	h
245	Waveform 1	1	1284.850394712	1285.043128509	0.000	11025.000	0.1927	11025.000		h
245	Spectrogram 1	1	1284.850394712	1285.043128509	0.000	11025.000	0.1927	11025.000	-80.08	h
246	Waveform 1	1	1293.269495798	1293.502000062	0.000	11025.000	0.2325	11025.000		h
246	Spectrogram 1	1	1293.269495798	1293.502000062	0.000	11025.000	0.2325	11025.000	-71.82	h
247	Waveform 1	1	1301.061447224	1301.339840488	0.000	11025.000	0.2784	11025.000		h
247	Spectrogram 1	1	1301.061447224	1301.339840488	0.000	11025.000	0.2784	11025.000	-79.54	h
248	Waveform 1	1	1327.475152926	1327.701538657	0.000	11025.000	0.2264	11025.000		h
248	Spectrogram 1	1	1327.475152926	1327.701538657	0.000	11025.000	0.2264	11025.000	-80.23	h
249	Waveform 1	1	1329.956217822	1330.014343888	0.000	11025.000	0.0581	11025.000		l
249	Spectrogram 1	1	1329.956217822	1330.014343888	0.000	11025.000	0.0581	11025.000	-71.16	l
250	Waveform 1	1	1332.235371120	1332.406690051	0.000	11025.000	0.1713	11025.000		h
250	Spectrogram 1	1	1332.235371120	1332.406690051	0.000	11025.000	0.1713	11025.000	-81.38	h
251	Waveform 1	1	1332.299615719	1332.351623252	0.000	11025.000	0.0520	11025.000		ca
251	Spectrogram 1	1	1332.299615719	1332.351623252	0.000	11025.000	0.0520	11025.000	-78.82	ca
252	Waveform 1	1	1333.792537835	1333.847604635	0.000	11025.000	0.0551	11025.000		l
252	Spectrogram 1	1	1333.792537835	1333.847604635	0.000	11025.000	0.0551	11025.000	-76.08	l
253	Waveform 1	1	1384.423395797	1385.558383718	0.000	11025.000	1.1350	11025.000		cm
253	Spectrogram 1	1	1384.423395797	1385.558383718	0.000	11025.000	1.1350	11025.000	-78.88	cm
254	Waveform 1	1	1385.289168254	1385.344235054	0.000	11025.000	0.0551	11025.000		cl
254	Spectrogram 1	1	1385.289168254	1385.344235054	0.000	11025.000	0.0551	11025.000	-71.27	cl
255	Waveform 1	1	1385.692991450	1385.751117516	0.000	11025.000	0.0581	11025.000		cl
255	Spectrogram 1	1	1385.692991450	1385.751117516	0.000	11025.000	0.0581	11025.000	-76.82	cl
256	Waveform 1	1	1386.001977380	1386.050925646	0.000	11025.000	0.0489	11025.000		cl
256	Spectrogram 1	1	1386.001977380	1386.050925646	0.000	11025.000	0.0489	11025.000	-68.86	cl
257	Waveform 1	1	1386.895283236	1386.941172236	0.000	11025.000	0.0459	11025.000		cl
257	Spectrogram 1	1	1386.895283236	1386.941172236	0.000	11025.000	0.0459	11025.000	-74.74	cl
258	Waveform 1	1	1387.813062883	1387.846714816	0.000	11025.000	0.0337	11025.000		l
258	Spectrogram 1	1	1387.813062883	1387.846714816	0.000	11025.000	0.0337	11025.000	-72.53	l
259	Waveform 1	1	1387.857422592	1387.909430125	0.000	11025.000	0.0520	11025.000		l
259	Spectrogram 1	1	1387.857422592	1387.909430125	0.000	11025.000	0.0520	11025.000	-71.94	l
260	Waveform 1	1	1387.933904258	1388.010385924	0.000	11025.000	0.0765	11025.000		l
260	Spectrogram 1	1	1387.933904258	1388.010385924	0.000	11025.000	0.0765	11025.000	-75.13	l
261	Waveform 1	1	1388.135815856	1388.184764122	0.000	11025.000	0.0489	11025.000		cl
261	Spectrogram 1	1	1388.135815856	1388.184764122	0.000	11025.000	0.0489	11025.000	-72.19	cl
262	Waveform 1	1	1388.141934389	1388.184764122	0.000	11025.000	0.0428	11025.000		m
262	Spectrogram 1	1	1388.141934389	1388.184764122	0.000	11025.000	0.0428	11025.000	-72.19	m
263	Waveform 1	1	1388.710947017	1388.781310150	0.000	11025.000	0.0704	11025.000		m
263	Spectrogram 1	1	1388.710947017	1388.781310150	0.000	11025.000	0.0704	11025.000	-68.05	m
264	Waveform 1	1	1388.860851082	1388.937332748	0.000	11025.000	0.0765	11025.000		m
264	Spectrogram 1	1	1388.860851082	1388.937332748	0.000	11025.000	0.0765	11025.000	-65.16	m
265	Waveform 1	1	1389.016873680	1389.065821946	0.000	11025.000	0.0489	11025.000		m
265	Spectrogram 1	1	1389.016873680	1389.065821946	0.000	11025.000	0.0489	11025.000	-71.50	m
266	Waveform 1	1	1389.564482407	1389.607312140	0.000	11025.000	0.0428	11025.000		l
266	Spectrogram 1	1	1389.564482407	1389.607312140	0.000	11025.000	0.0428	11025.000	-62.84	l
267	Waveform 1	1	1389.613430674	1389.692971606	0.000	11025.000	0.0795	11025.000		l
267	Spectrogram 1	1	1389.613430674	1389.692971606	0.000	11025.000	0.0795	11025.000	-63.65	l
268	Waveform 1	1	1390.846315126	1390.895263393	0.000	11025.000	0.0489	11025.000		cl
268	Spectrogram 1	1	1390.846315126	1390.895263393	0.000	11025.000	0.0489	11025.000	-73.26	cl
269	Waveform 1	1	1391.855872772	1391.929295171	0.000	11025.000	0.0734	11025.000		l
269	Spectrogram 1	1	1391.855872772	1391.929295171	0.000	11025.000	0.0734	11025.000	-83.88	l
270	Waveform 1	1	1392.027191703	1392.082258503	0.000	11025.000	0.0551	11025.000		l
270	Spectrogram 1	1	1392.027191703	1392.082258503	0.000	11025.000	0.0551	11025.000	-77.88	l
271	Waveform 1	1	1392.195451368	1392.259695967	0.000	11025.000	0.0642	11025.000		l
271	Spectrogram 1	1	1392.195451368	1392.259695967	0.000	11025.000	0.0642	11025.000	-80.19	l
272	Waveform 1	1	1393.440572888	1393.520113820	0.000	11025.000	0.0795	11025.000		m
272	Spectrogram 1	1	1393.440572888	1393.520113820	0.000	11025.000	0.0795	11025.000	-80.96	m
273	Waveform 1	1	1413.705153001	1414.164042996	0.000	11025.000	0.4589	11025.000		mo
273	Spectrogram 1	1	1413.705153001	1414.164042996	0.000	11025.000	0.4589	11025.000	-78.05	mo
274	Waveform 1	1	1417.452754626	1417.838222222	0.000	11025.000	0.3855	11025.000		h
274	Spectrogram 1	1	1417.452754626	1417.838222222	0.000	11025.000	0.3855	11025.000	-80.15	h
275	Waveform 1	1	1428.668025071	1428.738388204	0.000	11025.000	0.0704	11025.000		cl
275	Spectrogram 1	1	1428.668025071	1428.738388204	0.000	11025.000	0.0704	11025.000	-78.26	cl
276	Waveform 1	1	1476.053001055	1476.120304921	0.000	11025.000	0.0673	11025.000		cl
276	Spectrogram 1	1	1476.053001055	1476.120304921	0.000	11025.000	0.0673	11025.000	-78.95	cl
277	Waveform 1	1	1497.880866418	1497.923696151	0.000	11025.000	0.0428	11025.000		cl
277	Spectrogram 1	1	1497.880866418	1497.923696151	0.000	11025.000	0.0428	11025.000	-74.04	cl
278	Waveform 1	1	1497.997118550	1498.055244616	0.000	11025.000	0.0581	11025.000		cl
278	Spectrogram 1	1	1497.997118550	1498.055244616	0.000	11025.000	0.0581	11025.000	-67.95	cl
279	Waveform 1	1	1499.413560220	1500.239562210	0.000	11025.000	0.8260	11025.000		pu
279	Spectrogram 1	1	1499.413560220	1500.239562210	0.000	11025.000	0.8260	11025.000	-75.46	pu
280	Waveform 1	1	1502.075122190	1502.136307522	0.000	11025.000	0.0612	11025.000		l
280	Spectrogram 1	1	1502.075122190	1502.136307522	0.000	11025.000	0.0612	11025.000	-76.92	l
281	Waveform 1	1	1510.099577537	1510.151585070	0.000	11025.000	0.0520	11025.000		l
281	Spectrogram 1	1	1510.099577537	1510.151585070	0.000	11025.000	0.0520	11025.000	-78.76	l
282	Waveform 1	1	1513.593255990	1514.076620117	0.000	11025.000	0.4834	11025.000		pu
282	Spectrogram 1	1	1513.593255990	1514.076620117	0.000	11025.000	0.4834	11025.000	-80.11	pu
283	Waveform 1	1	1568.329649429	1568.421427428	0.000	11025.000	0.0918	11025.000		b
283	Spectrogram 1	1	1568.329649429	1568.421427428	0.000	11025.000	0.0918	11025.000	-76.59	b
284	Waveform 1	1	1641.745921321	1641.966188518	0.000	11025.000	0.2203	11025.000		h
284	Spectrogram 1	1	1641.745921321	1641.966188518	0.000	11025.000	0.2203	11025.000	-77.01	h
285	Waveform 1	1	1649.908040663	1649.969225995	0.000	11025.000	0.0612	11025.000		ca
285	Spectrogram 1	1	1649.908040663	1649.969225995	0.000	11025.000	0.0612	11025.000	-77.37	ca
286	Waveform 1	1	1649.975344529	1650.042648394	0.000	11025.000	0.0673	11025.000		ca
286	Spectrogram 1	1	1649.975344529	1650.042648394	0.000	11025.000	0.0673	11025.000	-77.53	ca
287	Waveform 1	1	1650.051826194	1650.116070794	0.000	11025.000	0.0642	11025.000		ca
287	Spectrogram 1	1	1650.051826194	1650.116070794	0.000	11025.000	0.0642	11025.000	-74.31	ca
288	Waveform 1	1	1650.122189327	1650.223145126	0.000	11025.000	0.1010	11025.000		ca
288	Spectrogram 1	1	1650.122189327	1650.223145126	0.000	11025.000	0.1010	11025.000	-74.35	ca
289	Waveform 1	1	1650.232322926	1650.336337991	0.000	11025.000	0.1040	11025.000		ca
289	Spectrogram 1	1	1650.232322926	1650.336337991	0.000	11025.000	0.1040	11025.000	-72.96	ca
290	Waveform 1	1	1650.437293790	1650.553545922	0.000	11025.000	0.1163	11025.000		ca
290	Spectrogram 1	1	1650.437293790	1650.553545922	0.000	11025.000	0.1163	11025.000	-74.46	ca
291	Waveform 1	1	1651.994460506	1652.462528301	0.000	11025.000	0.4681	11025.000		pu
291	Spectrogram 1	1	1651.994460506	1652.462528301	0.000	11025.000	0.4681	11025.000	-81.44	pu
292	Waveform 1	1	1652.545128500	1652.762336431	0.000	11025.000	0.2172	11025.000		pu
292	Spectrogram 1	1	1652.545128500	1652.762336431	0.000	11025.000	0.2172	11025.000	-79.90	pu
293	Waveform 1	1	1653.028492628	1653.089677960	0.000	11025.000	0.0612	11025.000		m
293	Spectrogram 1	1	1653.028492628	1653.089677960	0.000	11025.000	0.0612	11025.000	-77.88	m
294	Waveform 1	1	1653.215107892	1653.291589558	0.000	11025.000	0.0765	11025.000		m
294	Spectrogram 1	1	1653.215107892	1653.291589558	0.000	11025.000	0.0765	11025.000	-81.16	m
295	Waveform 1	1	1653.478204823	1653.545508689	0.000	11025.000	0.0673	11025.000		m
295	Spectrogram 1	1	1653.478204823	1653.545508689	0.000	11025.000	0.0673	11025.000	-82.73	m
296	Waveform 1	1	1725.325073718	1725.422970250	0.000	11025.000	0.0979	11025.000		sh
296	Spectrogram 1	1	1725.325073718	1725.422970250	0.000	11025.000	0.0979	11025.000	-76.29	sh
297	Waveform 1	1	1803.587225501	1804.027759896	0.000	11025.000	0.4405	11025.000		mo
297	Spectrogram 1	1	1803.587225501	1804.027759896	0.000	11025.000	0.4405	11025.000	-80.89	mo
298	Waveform 1	1	1831.340889988	1831.414312387	0.000	11025.000	0.0734	11025.000		m
298	Spectrogram 1	1	1831.340889988	1831.414312387	0.000	11025.000	0.0734	11025.000	-80.03	m
299	Waveform 1	1	1857.895313787	1857.932024987	0.000	11025.000	0.0367	11025.000		l
299	Spectrogram 1	1	1857.895313787	1857.932024987	0.000	11025.000	0.0367	11025.000	-77.44	l
300	Waveform 1	1	1857.938143520	1857.984032519	0.000	11025.000	0.0459	11025.000		l
300	Spectrogram 1	1	1857.938143520	1857.984032519	0.000	11025.000	0.0459	11025.000	-79.21	l
301	Waveform 1	1	1857.996269586	1858.048277119	0.000	11025.000	0.0520	11025.000		l
301	Spectrogram 1	1	1857.996269586	1858.048277119	0.000	11025.000	0.0520	11025.000	-77.88	l
302	Waveform 1	1	1858.136995851	1858.170647784	0.000	11025.000	0.0337	11025.000		l
302	Spectrogram 1	1	1858.136995851	1858.170647784	0.000	11025.000	0.0337	11025.000	-77.66	l
303	Waveform 1	1	1858.179825584	1858.241010916	0.000	11025.000	0.0612	11025.000		l
303	Spectrogram 1	1	1858.179825584	1858.241010916	0.000	11025.000	0.0612	11025.000	-77.52	l
304	Waveform 1	1	1858.262425783	1858.308314782	0.000	11025.000	0.0459	11025.000		l
304	Spectrogram 1	1	1858.262425783	1858.308314782	0.000	11025.000	0.0459	11025.000	-81.24	l
305	Waveform 1	1	1858.354203782	1858.412329848	0.000	11025.000	0.0581	11025.000		l
305	Spectrogram 1	1	1858.354203782	1858.412329848	0.000	11025.000	0.0581	11025.000	-77.02	l
306	Waveform 1	1	1858.406211315	1858.449041047	0.000	11025.000	0.0428	11025.000		m
306	Spectrogram 1	1	1858.406211315	1858.449041047	0.000	11025.000	0.0428	11025.000	-76.29	m
307	Waveform 1	1	1870.670810214	1870.872721812	0.000	11025.000	0.2019	11025.000		h
307	Spectrogram 1	1	1870.670810214	1870.872721812	0.000	11025.000	0.2019	11025.000	-78.94	h
311	Waveform 1	1	1894.539205435	1894.582035167	0.000	11025.000	0.0428	11025.000		m
311	Spectrogram 1	1	1894.539205435	1894.582035167	0.000	11025.000	0.0428	11025.000	-78.41	m
312	Waveform 1	1	1894.701346566	1894.750294832	0.000	11025.000	0.0489	11025.000		m
312	Spectrogram 1	1	1894.701346566	1894.750294832	0.000	11025.000	0.0489	11025.000	-77.92	m
313	Waveform 1	1	1894.851250631	1894.900198897	0.000	11025.000	0.0489	11025.000		m
313	Spectrogram 1	1	1894.851250631	1894.900198897	0.000	11025.000	0.0489	11025.000	-77.62	m
314	Waveform 1	1	1909.893663993	1909.948730792	0.000	11025.000	0.0551	11025.000		l
314	Spectrogram 1	1	1909.893663993	1909.948730792	0.000	11025.000	0.0551	11025.000	-76.50	l
315	Waveform 1	1	1910.006856859	1910.288309389	0.000	11025.000	0.2815	11025.000		t
315	Spectrogram 1	1	1910.006856859	1910.288309389	0.000	11025.000	0.2815	11025.000	-78.22	t
316	Waveform 1	1	1913.934954871	1914.011436537	0.000	11025.000	0.0765	11025.000		m
316	Spectrogram 1	1	1913.934954871	1914.011436537	0.000	11025.000	0.0765	11025.000	-77.21	m
317	Waveform 1	1	1922.360174491	1922.822123752	0.000	11025.000	0.4619	11025.000		mo
317	Spectrogram 1	1	1922.360174491	1922.822123752	0.000	11025.000	0.4619	11025.000	-79.18	mo
318	Waveform 1	1	1927.524216223	1927.781194620	0.000	11025.000	0.2570	11025.000		mo
318	Spectrogram 1	1	1927.524216223	1927.781194620	0.000	11025.000	0.2570	11025.000	-76.24	mo
319	Waveform 1	1	1934.159764862	1934.211772395	0.000	11025.000	0.0520	11025.000		cl
319	Spectrogram 1	1	1934.159764862	1934.211772395	0.000	11025.000	0.0520	11025.000	-78.20	cl
320	Waveform 1	1	1934.511580525	1934.563588058	0.000	11025.000	0.0520	11025.000		cl
320	Spectrogram 1	1	1934.511580525	1934.563588058	0.000	11025.000	0.0520	11025.000	-79.73	cl
321	Waveform 1	1	1972.535201954	1972.602505820	0.000	11025.000	0.0673	11025.000		cl
321	Spectrogram 1	1	1972.535201954	1972.602505820	0.000	11025.000	0.0673	11025.000	-66.74	cl
322	Waveform 1	1	1972.682041523	1972.730989789	0.000	11025.000	0.0489	11025.000		m
322	Spectrogram 1	1	1972.682041523	1972.730989789	0.000	11025.000	0.0489	11025.000	-75.00	m
323	Waveform 1	1	1972.810530721	1972.874775321	0.000	11025.000	0.0642	11025.000		m
323	Spectrogram 1	1	1972.810530721	1972.874775321	0.000	11025.000	0.0642	11025.000	-75.95	m
324	Waveform 1	1	1972.972671853	1973.021620119	0.000	11025.000	0.0489	11025.000		m
324	Spectrogram 1	1	1972.972671853	1973.021620119	0.000	11025.000	0.0489	11025.000	-77.95	m
325	Waveform 1	1	1973.021620119	1973.076686918	0.000	11025.000	0.0551	11025.000		m
325	Spectrogram 1	1	1973.021620119	1973.076686918	0.000	11025.000	0.0551	11025.000	-77.85	m
326	Waveform 1	1	1973.208235384	1973.281657783	0.000	11025.000	0.0734	11025.000		m
326	Spectrogram 1	1	1973.208235384	1973.281657783	0.000	11025.000	0.0734	11025.000	-81.96	m
327	Waveform 1	1	1973.517221314	1973.581465913	0.000	11025.000	0.0642	11025.000		m
327	Spectrogram 1	1	1973.517221314	1973.581465913	0.000	11025.000	0.0642	11025.000	-79.83	m
328	Waveform 1	1	1989.422347163	1989.495769562	0.000	11025.000	0.0734	11025.000		ht
328	Spectrogram 1	1	1989.422347163	1989.495769562	0.000	11025.000	0.0734	11025.000	-75.34	ht
329	Waveform 1	1	1989.612021694	1989.664029227	0.000	11025.000	0.0520	11025.000		ht
329	Spectrogram 1	1	1989.612021694	1989.664029227	0.000	11025.000	0.0520	11025.000	-73.59	ht
330	Waveform 1	1	2042.011135426	2042.506736620	0.000	11025.000	0.4956	11025.000		mo
330	Spectrogram 1	1	2042.011135426	2042.506736620	0.000	11025.000	0.4956	11025.000	-79.76	mo
331	Waveform 1	1	2062.177818242	2062.575522904	0.000	11025.000	0.3977	11025.000		mo
331	Spectrogram 1	1	2062.177818242	2062.575522904	0.000	11025.000	0.3977	11025.000	-76.67	mo
332	Waveform 1	1	2096.463012974	2097.041214368	0.000	11025.000	0.5782	11025.000		mo
332	Spectrogram 1	1	2096.463012974	2097.041214368	0.000	11025.000	0.5782	11025.000	-74.74	mo
333	Waveform 1	1	2116.745946821	2117.100821751	0.000	11025.000	0.3549	11025.000		mo
333	Spectrogram 1	1	2116.745946821	2117.100821751	0.000	11025.000	0.3549	11025.000	-72.65	mo
334	Waveform 1	1	2117.186481216	2117.281318482	0.000	11025.000	0.0948	11025.000		ud
334	Spectrogram 1	1	2117.186481216	2117.281318482	0.000	11025.000	0.0948	11025.000	-74.96	ud
335	Waveform 1	1	2125.556632927	2125.758544525	0.000	11025.000	0.2019	11025.000		d
335	Spectrogram 1	1	2125.556632927	2125.758544525	0.000	11025.000	0.2019	11025.000	-76.00	d
336	Waveform 1	1	2147.650654487	2147.873980951	0.000	11025.000	0.2233	11025.000		t
336	Spectrogram 1	1	2147.650654487	2147.873980951	0.000	11025.000	0.2233	11025.000	-76.97	t
337	Waveform 1	1	2151.847967963	2151.921390363	0.000	11025.000	0.0734	11025.000		cl
337	Spectrogram 1	1	2151.847967963	2151.921390363	0.000	11025.000	0.0734	11025.000	-71.10	cl
338	Waveform 1	1	2201.056265851	2201.099095584	0.000	11025.000	0.0428	11025.000		l
338	Spectrogram 1	1	2201.056265851	2201.099095584	0.000	11025.000	0.0428	11025.000	-78.10	l
339	Waveform 1	1	2201.117451183	2201.160280916	0.000	11025.000	0.0428	11025.000		l
339	Spectrogram 1	1	2201.117451183	2201.160280916	0.000	11025.000	0.0428	11025.000	-77.85	l
340	Waveform 1	1	2201.943453174	2201.995460707	0.000	11025.000	0.0520	11025.000		l
340	Spectrogram 1	1	2201.943453174	2201.995460707	0.000	11025.000	0.0520	11025.000	-76.39	l
341	Waveform 1	1	2202.631788166	2202.702151299	0.000	11025.000	0.0704	11025.000		cl
341	Spectrogram 1	1	2202.631788166	2202.702151299	0.000	11025.000	0.0704	11025.000	-79.92	cl
342	Waveform 1	1	2332.353844656	2332.479274588	0.000	11025.000	0.1254	11025.000		p1
342	Spectrogram 1	1	2332.353844656	2332.479274588	0.000	11025.000	0.1254	11025.000	-67.96	p1
343	Waveform 1	1	2369.398497853	2369.487216585	0.000	11025.000	0.0887	11025.000		sh
343	Spectrogram 1	1	2369.398497853	2369.487216585	0.000	11025.000	0.0887	11025.000	-75.66	sh
344	Waveform 1	1	2375.042822655	2375.097889454	0.000	11025.000	0.0551	11025.000		cl
344	Spectrogram 1	1	2375.042822655	2375.097889454	0.000	11025.000	0.0551	11025.000	-68.91	cl
345	Waveform 1	1	2375.235556452	2375.468060716	0.000	1362.162	0.2325	1362.162		pu
345	Spectrogram 1	1	2375.235556452	2375.468060716	0.000	1362.162	0.2325	1362.162	-67.68	pu
346	Waveform 1	1	2375.471119983	2375.517008983	0.000	11025.000	0.0459	11025.000		l
346	Spectrogram 1	1	2375.471119983	2375.517008983	0.000	11025.000	0.0459	11025.000	-73.17	l
348	Waveform 1	1	2375.709742780	2375.770928113	0.000	11025.000	0.0612	11025.000		cl
348	Spectrogram 1	1	2375.709742780	2375.770928113	0.000	11025.000	0.0612	11025.000	-72.36	cl
349	Waveform 1	1	2376.269588574	2376.575515237	0.000	11025.000	0.3059	11025.000		t
349	Spectrogram 1	1	2376.269588574	2376.575515237	0.000	11025.000	0.3059	11025.000	-69.96	t
350	Waveform 1	1	2376.973219900	2377.028286699	0.000	11025.000	0.0551	11025.000		cl
350	Spectrogram 1	1	2376.973219900	2377.028286699	0.000	11025.000	0.0551	11025.000	-78.65	cl
351	Waveform 1	1	2377.230198297	2377.282205830	0.000	11025.000	0.0520	11025.000		cl
351	Spectrogram 1	1	2377.230198297	2377.282205830	0.000	11025.000	0.0520	11025.000	-77.84	cl
