Selection	View	Channel	Begin Time (s)	End Time (s)	Low Freq (Hz)	High Freq (Hz)	Delta Time (s)	Delta Freq (Hz)	Avg Power Density (dB FS/Hz)	Annotation
1	Waveform 1	1	71.416764573	71.464355593	0.000	11025.000	0.0476	11025.000		m
1	Spectrogram 1	1	71.416764573	71.464355593	0.000	11025.000	0.0476	11025.000	-63.92	m
2	Waveform 1	1	71.516273070	71.553047949	0.000	11025.000	0.0368	11025.000		m
2	Spectrogram 1	1	71.516273070	71.553047949	0.000	11025.000	0.0368	11025.000	-68.85	m
3	Waveform 1	1	72.264750021	72.528663859	0.000	11025.000	0.2639	11025.000		sq
3	Spectrogram 1	1	72.264750021	72.528663859	0.000	11025.000	0.2639	11025.000	-62.13	sq
4	Waveform 1	1	74.408509227	74.456100247	0.000	11025.000	0.0476	11025.000		m
4	Spectrogram 1	1	74.408509227	74.456100247	0.000	11025.000	0.0476	11025.000	-70.13	m
5	Waveform 1	1	74.575077797	74.618342360	0.000	11025.000	0.0433	11025.000		m
5	Spectrogram 1	1	74.575077797	74.618342360	0.000	11025.000	0.0433	11025.000	-71.25	m
6	Waveform 1	1	79.055122409	79.247649717	0.000	11025.000	0.1925	11025.000		h
6	Spectrogram 1	1	79.055122409	79.247649717	0.000	11025.000	0.1925	11025.000	-76.68	h
7	Waveform 1	1	84.026220927	84.184136584	0.000	11025.000	0.1579	11025.000		h
7	Spectrogram 1	1	84.026220927	84.184136584	0.000	11025.000	0.1579	11025.000	-74.10	h
8	Waveform 1	1	101.418575976	101.611103284	0.000	11025.000	0.1925	11025.000		h
8	Spectrogram 1	1	101.418575976	101.611103284	0.000	11025.000	0.1925	11025.000	-79.45	h
9	Waveform 1	1	111.652808816	111.828030299	0.000	11025.000	0.1752	11025.000		hu
9	Spectrogram 1	1	111.652808816	111.828030299	0.000	11025.000	0.1752	11025.000	-41.88	hu
10	Waveform 1	1	113.684080157	114.095093511	0.000	11025.000	0.4110	11025.000		w
10	Spectrogram 1	1	113.684080157	114.095093511	0.000	11025.000	0.4110	11025.000	-66.06	w
11	Waveform 1	1	119.959605268	120.333843743	0.000	11025.000	0.3742	11025.000		mo
11	Spectrogram 1	1	119.959605268	120.333843743	0.000	11025.000	0.3742	11025.000	-36.12	mo
12	Waveform 1	1	121.090973685	121.681534979	0.000	11025.000	0.5906	11025.000		mo
12	Spectrogram 1	1	121.090973685	121.681534979	0.000	11025.000	0.5906	11025.000	-56.16	mo
13	Waveform 1	1	122.408379648	122.460297124	0.000	11025.000	0.0519	11025.000		cl
13	Spectrogram 1	1	122.408379648	122.460297124	0.000	11025.000	0.0519	11025.000	-70.87	cl
14	Waveform 1	1	122.616049553	122.650661204	0.000	11025.000	0.0346	11025.000		cl
14	Spectrogram 1	1	122.616049553	122.650661204	0.000	11025.000	0.0346	11025.000	-77.37	cl
15	Waveform 1	1	132.201312830	132.326780065	0.000	11025.000	0.1255	11025.000		b
15	Spectrogram 1	1	132.201312830	132.326780065	0.000	11025.000	0.1255	11025.000	-67.59	b
16	Waveform 1	1	193.461772149	193.505036713	0.000	11025.000	0.0433	11025.000		m
16	Spectrogram 1	1	193.461772149	193.505036713	0.000	11025.000	0.0433	11025.000	-72.18	m
17	Waveform 1	1	193.656462685	193.701890477	0.000	11025.000	0.0454	11025.000		m
17	Spectrogram 1	1	193.656462685	193.701890477	0.000	11025.000	0.0454	11025.000	-74.66	m
18	Waveform 1	1	426.030438699	426.177538215	0.000	11025.000	0.1471	11025.000		h
18	Spectrogram 1	1	426.030438699	426.177538215	0.000	11025.000	0.1471	11025.000	-75.72	h
19	Waveform 1	1	465.569924576	465.675922757	0.000	11025.000	0.1060	11025.000		h
19	Spectrogram 1	1	465.569924576	465.675922757	0.000	11025.000	0.1060	11025.000	-77.27	h
20	Waveform 1	1	489.702898874	489.841345477	0.000	11025.000	0.1384	11025.000		up
20	Spectrogram 1	1	489.702898874	489.841345477	0.000	11025.000	0.1384	11025.000	-70.92	up
21	Waveform 1	1	489.897589410	490.094443174	0.000	11025.000	0.1969	11025.000		d
21	Spectrogram 1	1	489.897589410	490.094443174	0.000	11025.000	0.1969	11025.000	-64.91	d
22	Waveform 1	1	490.321581025	490.840755788	0.000	11025.000	0.5192	11025.000		mo
22	Spectrogram 1	1	490.321581025	490.840755788	0.000	11025.000	0.5192	11025.000	-68.67	mo
23	Waveform 1	1	517.374913446	517.416014782	0.000	11025.000	0.0411	11025.000		cl
23	Spectrogram 1	1	517.374913446	517.416014782	0.000	11025.000	0.0411	11025.000	-72.83	cl
24	Waveform 1	1	566.982054723	567.088052904	0.000	11025.000	0.1060	11025.000		h
24	Spectrogram 1	1	566.982054723	567.088052904	0.000	11025.000	0.1060	11025.000	-77.16	h
25	Waveform 1	1	604.719558469	604.868821213	0.000	11025.000	0.1493	11025.000		h
25	Spectrogram 1	1	604.719558469	604.868821213	0.000	11025.000	0.1493	11025.000	-70.31	h
26	Waveform 1	1	607.979543417	608.029297665	0.000	11025.000	0.0498	11025.000		cl
26	Spectrogram 1	1	607.979543417	608.029297665	0.000	11025.000	0.0498	11025.000	-74.58	cl
27	Waveform 1	1	613.469816653	613.510917989	0.000	11025.000	0.0411	11025.000		cl
27	Spectrogram 1	1	613.469816653	613.510917989	0.000	11025.000	0.0411	11025.000	-75.62	cl
28	Waveform 1	1	643.713908749	644.142227929	0.000	11025.000	0.4283	11025.000		mo
28	Spectrogram 1	1	643.713908749	644.142227929	0.000	11025.000	0.4283	11025.000	-38.16	mo
29	Waveform 1	1	647.361111542	647.493068461	0.000	11025.000	0.1320	11025.000		hu
29	Spectrogram 1	1	647.361111542	647.493068461	0.000	11025.000	0.1320	11025.000	-40.23	hu
30	Waveform 1	1	647.581760816	647.774288124	0.000	11025.000	0.1925	11025.000		hu
30	Spectrogram 1	1	647.581760816	647.774288124	0.000	11025.000	0.1925	11025.000	-39.65	hu
31	Waveform 1	1	650.627586252	650.692483098	0.000	11025.000	0.0649	11025.000		b
31	Spectrogram 1	1	650.627586252	650.692483098	0.000	11025.000	0.0649	11025.000	-56.13	b
32	Waveform 1	1	663.174310018	663.256512689	0.000	11025.000	0.0822	11025.000		b
32	Spectrogram 1	1	663.174310018	663.256512689	0.000	11025.000	0.0822	11025.000	-67.28	b
33	Waveform 1	1	663.256512689	663.327899219	0.000	11025.000	0.0714	11025.000		b
33	Spectrogram 1	1	663.256512689	663.327899219	0.000	11025.000	0.0714	11025.000	-61.96	b
34	Waveform 1	1	668.138918564	668.231937376	0.000	11025.000	0.0930	11025.000		ht
34	Spectrogram 1	1	668.138918564	668.231937376	0.000	11025.000	0.0930	11025.000	-71.07	ht
35	Waveform 1	1	669.707259074	669.746197182	0.000	11025.000	0.0389	11025.000		cl
35	Spectrogram 1	1	669.707259074	669.746197182	0.000	11025.000	0.0389	11025.000	-49.98	cl
36	Waveform 1	1	669.936561262	669.975499369	0.000	11025.000	0.0389	11025.000		cl
36	Spectrogram 1	1	669.936561262	669.975499369	0.000	11025.000	0.0389	11025.000	-53.12	cl
37	Waveform 1	1	675.348958328	675.517690126	0.000	11025.000	0.1687	11025.000		pu
37	Spectrogram 1	1	675.348958328	675.517690126	0.000	11025.000	0.1687	11025.000	-71.66	pu
38	Waveform 1	1	675.615035395	676.164495353	0.000	11025.000	0.5495	11025.000		pu
38	Spectrogram 1	1	675.615035395	676.164495353	0.000	11025.000	0.5495	11025.000	-70.79	pu
39	Waveform 1	1	676.261840621	676.408940137	0.000	11025.000	0.1471	11025.000		pu
39	Spectrogram 1	1	676.261840621	676.408940137	0.000	11025.000	0.1471	11025.000	-68.69	pu
40	Waveform 1	1	676.525754459	676.679343660	0.000	11025.000	0.1536	11025.000		pu
40	Spectrogram 1	1	676.525754459	676.679343660	0.000	11025.000	0.1536	11025.000	-75.97	pu
41	Waveform 1	1	676.731261136	676.817790263	0.000	11025.000	0.0865	11025.000		pu
41	Spectrogram 1	1	676.731261136	676.817790263	0.000	11025.000	0.0865	11025.000	-77.92	pu
42	Waveform 1	1	678.911788445	679.294679833	0.000	11025.000	0.3829	11025.000		mo
42	Spectrogram 1	1	678.911788445	679.294679833	0.000	11025.000	0.3829	11025.000	-33.50	mo
43	Waveform 1	1	679.359576678	680.216215038	0.000	11025.000	0.8566	11025.000		mo
43	Spectrogram 1	1	679.359576678	680.216215038	0.000	11025.000	0.8566	11025.000	-52.38	mo
44	Waveform 1	1	680.785144128	681.589865012	0.000	11025.000	0.8047	11025.000		mo
44	Spectrogram 1	1	680.785144128	681.589865012	0.000	11025.000	0.8047	11025.000	-50.94	mo
45	Waveform 1	1	688.339136848	688.378074955	0.000	11025.000	0.0389	11025.000		m
45	Spectrogram 1	1	688.339136848	688.378074955	0.000	11025.000	0.0389	11025.000	-64.67	m
46	Waveform 1	1	688.421339519	688.458114398	0.000	11025.000	0.0368	11025.000		m
46	Spectrogram 1	1	688.421339519	688.458114398	0.000	11025.000	0.0368	11025.000	-66.92	m
47	Waveform 1	1	688.460277626	688.499215733	0.000	11025.000	0.0389	11025.000		m
47	Spectrogram 1	1	688.460277626	688.499215733	0.000	11025.000	0.0389	11025.000	-57.77	m
48	Waveform 1	1	689.771193736	689.805805387	0.000	11025.000	0.0346	11025.000		l
48	Spectrogram 1	1	689.771193736	689.805805387	0.000	11025.000	0.0346	11025.000	-60.87	l
49	Waveform 1	1	689.963721044	690.011312064	0.000	11025.000	0.0476	11025.000		l
49	Spectrogram 1	1	689.963721044	690.011312064	0.000	11025.000	0.0476	11025.000	-52.61	l
50	Waveform 1	1	690.052413399	690.097841191	0.000	11025.000	0.0454	11025.000		l
50	Spectrogram 1	1	690.052413399	690.097841191	0.000	11025.000	0.0454	11025.000	-62.91	l
51	Waveform 1	1	690.995580886	691.114558436	0.000	11025.000	0.1190	11025.000		h
51	Spectrogram 1	1	690.995580886	691.114558436	0.000	11025.000	0.1190	11025.000	-59.84	h
52	Waveform 1	1	691.112395208	691.300596060	0.000	11025.000	0.1882	11025.000		t
52	Spectrogram 1	1	691.112395208	691.300596060	0.000	11025.000	0.1882	11025.000	-67.89	t
53	Waveform 1	1	694.086822824	694.112781563	0.000	11025.000	0.0260	11025.000		l
53	Spectrogram 1	1	694.086822824	694.112781563	0.000	11025.000	0.0260	11025.000	-61.97	l
54	Waveform 1	1	694.156046126	694.186331321	0.000	11025.000	0.0303	11025.000		l
54	Spectrogram 1	1	694.156046126	694.186331321	0.000	11025.000	0.0303	11025.000	-60.77	l
55	Waveform 1	1	694.288003045	694.484856810	0.000	11025.000	0.1969	11025.000		hu
55	Spectrogram 1	1	694.288003045	694.484856810	0.000	11025.000	0.1969	11025.000	-38.54	hu
56	Waveform 1	1	717.324220655	717.380464588	0.000	11025.000	0.0562	11025.000		b
56	Spectrogram 1	1	717.324220655	717.380464588	0.000	11025.000	0.0562	11025.000	-58.58	b
57	Waveform 1	1	720.151559967	720.251068463	0.000	11025.000	0.0995	11025.000		pu
57	Spectrogram 1	1	720.151559967	720.251068463	0.000	11025.000	0.0995	11025.000	-68.02	pu
58	Waveform 1	1	721.023341003	721.055789425	0.000	11025.000	0.0324	11025.000		cl
58	Spectrogram 1	1	721.023341003	721.055789425	0.000	11025.000	0.0324	11025.000	-72.45	cl
59	Waveform 1	1	722.576538837	722.615476944	0.000	11025.000	0.0389	11025.000		cl
59	Spectrogram 1	1	722.576538837	722.615476944	0.000	11025.000	0.0389	11025.000	-77.81	cl
60	Waveform 1	1	722.704169299	722.736617722	0.000	11025.000	0.0324	11025.000		cl
60	Spectrogram 1	1	722.704169299	722.736617722	0.000	11025.000	0.0324	11025.000	-77.53	cl
61	Waveform 1	1	726.344882407	726.381657286	0.000	11025.000	0.0368	11025.000		cl
61	Spectrogram 1	1	726.344882407	726.381657286	0.000	11025.000	0.0368	11025.000	-77.43	cl
62	Waveform 1	1	733.803677025	733.862084186	0.000	11025.000	0.0584	11025.000		l
62	Spectrogram 1	1	733.803677025	733.862084186	0.000	11025.000	0.0584	11025.000	-62.65	l
63	Waveform 1	1	733.937797173	734.439666111	0.000	11025.000	0.5019	11025.000		mo
63	Spectrogram 1	1	733.937797173	734.439666111	0.000	11025.000	0.5019	11025.000	-57.17	mo
64	Waveform 1	1	739.514599581	739.560027373	0.000	11025.000	0.0454	11025.000		cl
64	Spectrogram 1	1	739.514599581	739.560027373	0.000	11025.000	0.0454	11025.000	-78.15	cl
65	Waveform 1	1	741.007227026	741.046165134	0.000	11025.000	0.0389	11025.000		cl
65	Spectrogram 1	1	741.007227026	741.046165134	0.000	11025.000	0.0389	11025.000	-75.64	cl
66	Waveform 1	1	750.891016901	750.945097606	0.000	11025.000	0.0541	11025.000		l
66	Spectrogram 1	1	750.891016901	750.945097606	0.000	11025.000	0.0541	11025.000	-66.40	l
67	Waveform 1	1	750.975382800	751.081380981	0.000	11025.000	0.1060	11025.000		p1
67	Spectrogram 1	1	750.975382800	751.081380981	0.000	11025.000	0.1060	11025.000	-70.71	p1
68	Waveform 1	1	751.120319088	751.202521759	0.000	11025.000	0.0822	11025.000		ht
68	Spectrogram 1	1	751.120319088	751.202521759	0.000	11025.000	0.0822	11025.000	-74.77	ht
69	Waveform 1	1	764.004506529	764.067240146	0.000	11025.000	0.0627	11025.000		b
69	Spectrogram 1	1	764.004506529	764.067240146	0.000	11025.000	0.0627	11025.000	-58.24	b
70	Waveform 1	1	795.555181420	795.630894407	0.000	11025.000	0.0757	11025.000		l
70	Spectrogram 1	1	795.555181420	795.630894407	0.000	11025.000	0.0757	11025.000	-60.83	l
71	Waveform 1	1	795.674158970	796.208476331	0.000	11025.000	0.5343	11025.000		mo
71	Spectrogram 1	1	795.674158970	796.208476331	0.000	11025.000	0.5343	11025.000	-52.86	mo
72	Waveform 1	1	802.941524014	803.028053142	0.000	11025.000	0.0865	11025.000		l
72	Spectrogram 1	1	802.941524014	803.028053142	0.000	11025.000	0.0865	11025.000	-64.21	l
73	Waveform 1	1	803.220580450	803.328741859	0.000	11025.000	0.1082	11025.000		wa
73	Spectrogram 1	1	803.220580450	803.328741859	0.000	11025.000	0.1082	11025.000	-39.94	wa
74	Waveform 1	1	803.376332879	803.460698778	0.000	11025.000	0.0844	11025.000		p1
74	Spectrogram 1	1	803.376332879	803.460698778	0.000	11025.000	0.0844	11025.000	-55.86	p1
75	Waveform 1	1	805.158832979	805.236709193	0.000	11025.000	0.0779	11025.000		sh
75	Spectrogram 1	1	805.158832979	805.236709193	0.000	11025.000	0.0779	11025.000	-68.10	sh
76	Waveform 1	1	811.458153600	811.942716713	0.000	11025.000	0.4846	11025.000		w
76	Spectrogram 1	1	811.458153600	811.942716713	0.000	11025.000	0.4846	11025.000	-48.37	w
77	Waveform 1	1	812.637113037	812.976739862	0.000	11025.000	0.3396	11025.000		mo
77	Spectrogram 1	1	812.637113037	812.976739862	0.000	11025.000	0.3396	11025.000	-62.98	mo
78	Waveform 1	1	819.857968864	820.197595688	0.000	11025.000	0.3396	11025.000		mo
78	Spectrogram 1	1	819.857968864	820.197595688	0.000	11025.000	0.3396	11025.000	-55.52	mo
79	Waveform 1	1	820.742729268	820.885502328	0.000	11025.000	0.1428	11025.000		d
79	Spectrogram 1	1	820.742729268	820.885502328	0.000	11025.000	0.1428	11025.000	-66.37	d
80	Waveform 1	1	828.748837003	829.125238707	0.000	11025.000	0.3764	11025.000		w
80	Spectrogram 1	1	828.748837003	829.125238707	0.000	11025.000	0.3764	11025.000	-50.18	w
81	Waveform 1	1	840.800181516	841.219847783	0.000	11025.000	0.4197	11025.000		w
81	Spectrogram 1	1	840.800181516	841.219847783	0.000	11025.000	0.4197	11025.000	-42.48	w
82	Waveform 1	1	841.674125780	842.121914013	0.000	11025.000	0.4478	11025.000		p2
82	Spectrogram 1	1	841.674125780	842.121914013	0.000	11025.000	0.4478	11025.000	-64.41	p2
83	Waveform 1	1	923.232157108	923.290564269	0.000	11025.000	0.0584	11025.000		l
83	Spectrogram 1	1	923.232157108	923.290564269	0.000	11025.000	0.0584	11025.000	-73.81	l
84	Waveform 1	1	923.454969610	923.625864637	0.000	11025.000	0.1709	11025.000		hu
84	Spectrogram 1	1	923.454969610	923.625864637	0.000	11025.000	0.1709	11025.000	-66.07	hu
85	Waveform 1	1	935.357051378	935.499824438	0.000	11025.000	0.1428	11025.000		se
85	Spectrogram 1	1	935.357051378	935.499824438	0.000	11025.000	0.1428	11025.000	-72.18	se
86	Waveform 1	1	938.716544822	938.917725043	0.000	11025.000	0.2012	11025.000		p2
86	Spectrogram 1	1	938.716544822	938.917725043	0.000	11025.000	0.2012	11025.000	-63.30	p2
87	Waveform 1	1	962.615889573	962.704581929	0.000	11025.000	0.0887	11025.000		h
87	Spectrogram 1	1	962.615889573	962.704581929	0.000	11025.000	0.0887	11025.000	-77.98	h
88	Waveform 1	1	988.031657481	988.148471803	0.000	11025.000	0.1168	11025.000		h
88	Spectrogram 1	1	988.031657481	988.148471803	0.000	11025.000	0.1168	11025.000	-79.04	h
89	Waveform 1	1	1059.052601806	1059.191048409	0.000	11025.000	0.1384	11025.000		h
89	Spectrogram 1	1	1059.052601806	1059.191048409	0.000	11025.000	0.1384	11025.000	-71.81	h
90	Waveform 1	1	1088.357850408	1088.461685360	0.000	11025.000	0.1038	11025.000		h
90	Spectrogram 1	1	1088.357850408	1088.461685360	0.000	11025.000	0.1038	11025.000	-76.46	h
91	Waveform 1	1	1139.784272208	1139.857821966	0.000	11025.000	0.0735	11025.000		p1
91	Spectrogram 1	1	1139.784272208	1139.857821966	0.000	11025.000	0.0735	11025.000	-67.98	p1
92	Waveform 1	1	1143.967954559	1144.104237934	0.000	11025.000	0.1363	11025.000		h
92	Spectrogram 1	1	1143.967954559	1144.104237934	0.000	11025.000	0.1363	11025.000	-77.24	h
93	Waveform 1	1	1145.246422414	1145.376216105	0.000	11025.000	0.1298	11025.000		h
93	Spectrogram 1	1	1145.246422414	1145.376216105	0.000	11025.000	0.1298	11025.000	-81.24	h
94	Waveform 1	1	1145.430296809	1145.484377514	0.000	11025.000	0.0541	11025.000		sh
94	Spectrogram 1	1	1145.430296809	1145.484377514	0.000	11025.000	0.0541	11025.000	-80.48	sh
95	Waveform 1	1	1179.397305625	1179.436243732	0.000	11025.000	0.0389	11025.000		cl
95	Spectrogram 1	1	1179.397305625	1179.436243732	0.000	11025.000	0.0389	11025.000	-70.70	cl
96	Waveform 1	1	1179.518446403	1179.555221282	0.000	11025.000	0.0368	11025.000		cl
96	Spectrogram 1	1	1179.518446403	1179.555221282	0.000	11025.000	0.0368	11025.000	-74.87	cl
97	Waveform 1	1	1187.654347459	1187.756019184	0.000	11025.000	0.1017	11025.000		h
97	Spectrogram 1	1	1187.654347459	1187.756019184	0.000	11025.000	0.1017	11025.000	-77.61	h
98	Waveform 1	1	1192.194963569	1192.305288206	0.000	11025.000	0.1103	11025.000		h
98	Spectrogram 1	1	1192.194963569	1192.305288206	0.000	11025.000	0.1103	11025.000	-74.92	h
99	Waveform 1	1	1197.421323012	1197.840989280	0.000	11025.000	0.4197	11025.000		mo
99	Spectrogram 1	1	1197.421323012	1197.840989280	0.000	11025.000	0.4197	11025.000	-70.22	mo
100	Waveform 1	1	1199.424472387	1199.729487561	0.000	11025.000	0.3050	11025.000		w
100	Spectrogram 1	1	1199.424472387	1199.729487561	0.000	11025.000	0.3050	11025.000	-56.36	w
101	Waveform 1	1	1199.947973607	1200.536371672	0.000	11025.000	0.5884	11025.000		mo
101	Spectrogram 1	1	1199.947973607	1200.536371672	0.000	11025.000	0.5884	11025.000	-67.24	mo
102	Waveform 1	1	1210.677585701	1210.865786552	0.000	11025.000	0.1882	11025.000		h
102	Spectrogram 1	1	1210.677585701	1210.865786552	0.000	11025.000	0.1882	11025.000	-77.29	h
103	Waveform 1	1	1224.072294992	1224.219394508	0.000	11025.000	0.1471	11025.000		h
103	Spectrogram 1	1	1224.072294992	1224.219394508	0.000	11025.000	0.1471	11025.000	-77.76	h
104	Waveform 1	1	1229.378693878	1229.458733321	0.000	11025.000	0.0800	11025.000		p1
104	Spectrogram 1	1	1229.378693878	1229.458733321	0.000	11025.000	0.0800	11025.000	-66.24	p1
105	Waveform 1	1	1231.788530151	1231.924813526	0.000	11025.000	0.1363	11025.000		h
105	Spectrogram 1	1	1231.788530151	1231.924813526	0.000	11025.000	0.1363	11025.000	-77.35	h
106	Waveform 1	1	1237.451861687	1237.505942391	0.000	11025.000	0.0541	11025.000		sh
106	Spectrogram 1	1	1237.451861687	1237.505942391	0.000	11025.000	0.0541	11025.000	-75.99	sh
107	Waveform 1	1	1245.953348675	1246.007429379	0.000	11025.000	0.0541	11025.000		sh
107	Spectrogram 1	1	1245.953348675	1246.007429379	0.000	11025.000	0.0541	11025.000	-75.76	sh
108	Waveform 1	1	1248.103597566	1248.146862129	0.000	11025.000	0.0433	11025.000		cl
108	Spectrogram 1	1	1248.103597566	1248.146862129	0.000	11025.000	0.0433	11025.000	-68.89	cl
109	Waveform 1	1	1262.171070900	1262.257600028	0.000	11025.000	0.0865	11025.000		h
109	Spectrogram 1	1	1262.171070900	1262.257600028	0.000	11025.000	0.0865	11025.000	-77.94	h
110	Waveform 1	1	1264.345115222	1264.520336705	0.000	11025.000	0.1752	11025.000		h
110	Spectrogram 1	1	1264.345115222	1264.520336705	0.000	11025.000	0.1752	11025.000	-76.12	h
111	Waveform 1	1	1264.879432538	1264.918370646	0.000	11025.000	0.0389	11025.000		cl
111	Spectrogram 1	1	1264.879432538	1264.918370646	0.000	11025.000	0.0389	11025.000	-74.58	cl
112	Waveform 1	1	1266.324468964	1266.369896755	0.000	11025.000	0.0454	11025.000		cl
112	Spectrogram 1	1	1266.324468964	1266.369896755	0.000	11025.000	0.0454	11025.000	-73.19	cl
113	Waveform 1	1	1269.526046751	1269.627718475	0.000	11025.000	0.1017	11025.000		h
113	Spectrogram 1	1	1269.526046751	1269.627718475	0.000	11025.000	0.1017	11025.000	-78.76	h
114	Waveform 1	1	1297.407895644	1297.792950260	0.000	11025.000	0.3851	11025.000		t
114	Spectrogram 1	1	1297.407895644	1297.792950260	0.000	11025.000	0.3851	11025.000	-67.61	t
115	Waveform 1	1	1304.074965056	1304.332389209	0.000	11025.000	0.2574	11025.000		h
115	Spectrogram 1	1	1304.074965056	1304.332389209	0.000	11025.000	0.2574	11025.000	-69.68	h
116	Waveform 1	1	1305.128457259	1305.163068910	0.000	11025.000	0.0346	11025.000		cl
116	Spectrogram 1	1	1305.128457259	1305.163068910	0.000	11025.000	0.0346	11025.000	-72.17	cl
117	Waveform 1	1	1305.256087721	1305.288536144	0.000	11025.000	0.0324	11025.000		cl
117	Spectrogram 1	1	1305.256087721	1305.288536144	0.000	11025.000	0.0324	11025.000	-77.34	cl
118	Waveform 1	1	1305.721181780	1305.982932390	0.000	11025.000	0.2618	11025.000		cl
118	Spectrogram 1	1	1305.721181780	1305.982932390	0.000	11025.000	0.2618	11025.000	-73.69	cl
119	Waveform 1	1	1317.512938990	1317.662201734	0.000	11025.000	0.1493	11025.000		h
119	Spectrogram 1	1	1317.512938990	1317.662201734	0.000	11025.000	0.1493	11025.000	-80.68	h
120	Waveform 1	1	1334.626237604	1334.723582872	0.000	11025.000	0.0973	11025.000		p1
120	Spectrogram 1	1	1334.626237604	1334.723582872	0.000	11025.000	0.0973	11025.000	-76.98	p1
121	Waveform 1	1	1335.688382641	1336.084253398	0.000	11025.000	0.3959	11025.000		t
121	Spectrogram 1	1	1335.688382641	1336.084253398	0.000	11025.000	0.3959	11025.000	-67.52	t
122	Waveform 1	1	1337.109622977	1337.163703682	0.000	11025.000	0.0541	11025.000		l
122	Spectrogram 1	1	1337.109622977	1337.163703682	0.000	11025.000	0.0541	11025.000	-62.54	l
123	Waveform 1	1	1337.215621158	1337.250232809	0.000	11025.000	0.0346	11025.000		l
123	Spectrogram 1	1	1337.215621158	1337.250232809	0.000	11025.000	0.0346	11025.000	-70.73	l
124	Waveform 1	1	1341.628606805	1341.803828288	0.000	11025.000	0.1752	11025.000		h
124	Spectrogram 1	1	1341.628606805	1341.803828288	0.000	11025.000	0.1752	11025.000	-76.46	h
125	Waveform 1	1	1341.924969066	1341.974723314	0.000	11025.000	0.0498	11025.000		cl
125	Spectrogram 1	1	1341.924969066	1341.974723314	0.000	11025.000	0.0498	11025.000	-72.41	cl
126	Waveform 1	1	1344.027626937	1344.101176695	0.000	11025.000	0.0735	11025.000		b
126	Spectrogram 1	1	1344.027626937	1344.101176695	0.000	11025.000	0.0735	11025.000	-69.03	b
127	Waveform 1	1	1345.905300456	1346.247090509	0.000	11025.000	0.3418	11025.000		t
127	Spectrogram 1	1	1345.905300456	1346.247090509	0.000	11025.000	0.3418	11025.000	-70.83	t
128	Waveform 1	1	1351.910422044	1351.988298259	0.000	11025.000	0.0779	11025.000		b
128	Spectrogram 1	1	1351.910422044	1351.988298259	0.000	11025.000	0.0779	11025.000	-45.22	b
129	Waveform 1	1	1365.540923286	1365.590677535	0.000	11025.000	0.0498	11025.000		cl
129	Spectrogram 1	1	1365.540923286	1365.590677535	0.000	11025.000	0.0498	11025.000	-56.38	cl
130	Waveform 1	1	1368.132470726	1368.465607866	0.000	11025.000	0.3331	11025.000		t
130	Spectrogram 1	1	1368.132470726	1368.465607866	0.000	11025.000	0.3331	11025.000	-42.33	t
131	Waveform 1	1	1369.075638213	1369.255186152	0.000	11025.000	0.1795	11025.000		t
131	Spectrogram 1	1	1369.075638213	1369.255186152	0.000	11025.000	0.1795	11025.000	-75.06	t
132	Waveform 1	1	1373.351257906	1373.593539462	0.000	11025.000	0.2423	11025.000		t
132	Spectrogram 1	1	1373.351257906	1373.593539462	0.000	11025.000	0.2423	11025.000	-76.31	t
133	Waveform 1	1	1374.348506098	1374.657847728	0.000	11025.000	0.3093	11025.000		t
133	Spectrogram 1	1	1374.348506098	1374.657847728	0.000	11025.000	0.3093	11025.000	-77.74	t
134	Waveform 1	1	1376.754007495	1378.504059094	0.000	11025.000	1.7501	11025.000		pu
134	Spectrogram 1	1	1376.754007495	1378.504059094	0.000	11025.000	1.7501	11025.000	-47.00	pu
135	Waveform 1	1	1377.329426191	1377.348895245	0.000	11025.000	0.0195	11025.000		p1
135	Spectrogram 1	1	1377.329426191	1377.348895245	0.000	11025.000	0.0195	11025.000	-58.02	p1
136	Waveform 1	1	1377.353221701	1377.385670124	0.000	11025.000	0.0324	11025.000		p1
136	Spectrogram 1	1	1377.353221701	1377.385670124	0.000	11025.000	0.0324	11025.000	-54.63	p1
137	Waveform 1	1	1377.385670124	1377.409465634	0.000	11025.000	0.0238	11025.000		p1
137	Spectrogram 1	1	1377.385670124	1377.409465634	0.000	11025.000	0.0238	11025.000	-61.38	p1
138	Waveform 1	1	1377.420281775	1377.965415276	0.000	11025.000	0.5451	11025.000		mo
138	Spectrogram 1	1	1377.420281775	1377.965415276	0.000	11025.000	0.5451	11025.000	-41.95	mo
139	Waveform 1	1	1379.998849845	1380.137296449	0.000	11025.000	0.1384	11025.000		h
139	Spectrogram 1	1	1379.998849845	1380.137296449	0.000	11025.000	0.1384	11025.000	-72.59	h
140	Waveform 1	1	1383.682827517	1384.093840871	0.000	11025.000	0.4110	11025.000		t
140	Spectrogram 1	1	1383.682827517	1384.093840871	0.000	11025.000	0.4110	11025.000	-44.12	t
141	Waveform 1	1	1384.089514493	1384.132779057	0.000	11025.000	0.0433	11025.000		b
141	Spectrogram 1	1	1384.089514493	1384.132779057	0.000	11025.000	0.0433	11025.000	-65.87	b
142	Waveform 1	1	1384.260409520	1384.310163768	0.000	11025.000	0.0498	11025.000		b
142	Spectrogram 1	1	1384.260409520	1384.310163768	0.000	11025.000	0.0498	11025.000	-66.60	b
143	Waveform 1	1	1384.500527848	1384.543792412	0.000	11025.000	0.0433	11025.000		b
143	Spectrogram 1	1	1384.500527848	1384.543792412	0.000	11025.000	0.0433	11025.000	-67.45	b
144	Waveform 1	1	1387.016362301	1387.237011576	0.000	11025.000	0.2206	11025.000		t
144	Spectrogram 1	1	1387.016362301	1387.237011576	0.000	11025.000	0.2206	11025.000	-55.30	t
145	Waveform 1	1	1392.688346750	1392.751080367	0.000	11025.000	0.0627	11025.000		b
145	Spectrogram 1	1	1392.688346750	1392.751080367	0.000	11025.000	0.0627	11025.000	-38.52	b
146	Waveform 1	1	1393.404375278	1393.454129526	0.000	11025.000	0.0498	11025.000		cl
146	Spectrogram 1	1	1393.404375278	1393.454129526	0.000	11025.000	0.0498	11025.000	-68.57	cl
147	Waveform 1	1	1396.625422119	1396.772521635	0.000	11025.000	0.1471	11025.000		h
147	Spectrogram 1	1	1396.625422119	1396.772521635	0.000	11025.000	0.1471	11025.000	-74.54	h
148	Waveform 1	1	1396.709798240	1396.763878945	0.000	11025.000	0.0541	11025.000		ca
148	Spectrogram 1	1	1396.709798240	1396.763878945	0.000	11025.000	0.0541	11025.000	-72.28	ca
149	Waveform 1	1	1396.792000911	1396.852571300	0.000	11025.000	0.0606	11025.000		ca
149	Spectrogram 1	1	1396.792000911	1396.852571300	0.000	11025.000	0.0606	11025.000	-70.43	ca
150	Waveform 1	1	1396.878530038	1396.943426884	0.000	11025.000	0.0649	11025.000		ca
150	Spectrogram 1	1	1396.878530038	1396.943426884	0.000	11025.000	0.0649	11025.000	-70.04	ca
151	Waveform 1	1	1396.969385622	1397.027792783	0.000	11025.000	0.0584	11025.000		ca
151	Spectrogram 1	1	1396.969385622	1397.027792783	0.000	11025.000	0.0584	11025.000	-68.09	ca
152	Waveform 1	1	1397.053751521	1397.107832226	0.000	11025.000	0.0541	11025.000		ca
152	Spectrogram 1	1	1397.053751521	1397.107832226	0.000	11025.000	0.0541	11025.000	-65.11	ca
153	Waveform 1	1	1397.135954192	1397.196524581	0.000	11025.000	0.0606	11025.000		ca
153	Spectrogram 1	1	1397.135954192	1397.196524581	0.000	11025.000	0.0606	11025.000	-63.93	ca
154	Waveform 1	1	1397.261421426	1397.317665359	0.000	11025.000	0.0562	11025.000		ca
154	Spectrogram 1	1	1397.261421426	1397.317665359	0.000	11025.000	0.0562	11025.000	-69.69	ca
155	Waveform 1	1	1398.754048872	1398.801639892	0.000	11025.000	0.0476	11025.000		b
155	Spectrogram 1	1	1398.754048872	1398.801639892	0.000	11025.000	0.0476	11025.000	-50.39	b
156	Waveform 1	1	1398.903299459	1398.983338902	0.000	11025.000	0.0800	11025.000		ca
156	Spectrogram 1	1	1398.903299459	1398.983338902	0.000	11025.000	0.0800	11025.000	-69.14	ca
157	Waveform 1	1	1399.061215116	1399.121785505	0.000	11025.000	0.0606	11025.000		ca
157	Spectrogram 1	1	1399.061215116	1399.121785505	0.000	11025.000	0.0606	11025.000	-69.74	ca
158	Waveform 1	1	1399.134764874	1399.201824948	0.000	11025.000	0.0671	11025.000		ca
158	Spectrogram 1	1	1399.134764874	1399.201824948	0.000	11025.000	0.0671	11025.000	-67.15	ca
159	Waveform 1	1	1399.225620458	1399.290517303	0.000	11025.000	0.0649	11025.000		ca
159	Spectrogram 1	1	1399.225620458	1399.290517303	0.000	11025.000	0.0649	11025.000	-66.70	ca
160	Waveform 1	1	1399.333781867	1399.420310994	0.000	11025.000	0.0865	11025.000		ca
160	Spectrogram 1	1	1399.333781867	1399.420310994	0.000	11025.000	0.0865	11025.000	-64.60	ca
161	Waveform 1	1	1400.060626536	1400.216378965	0.000	11025.000	0.1558	11025.000		p2
161	Spectrogram 1	1	1400.060626536	1400.216378965	0.000	11025.000	0.1558	11025.000	-66.79	p2
162	Waveform 1	1	1401.691700663	1401.819331126	0.000	11025.000	0.1276	11025.000		h
162	Spectrogram 1	1	1401.691700663	1401.819331126	0.000	11025.000	0.1276	11025.000	-76.39	h
163	Waveform 1	1	1403.134573860	1403.182164880	0.000	11025.000	0.0476	11025.000		cl
163	Spectrogram 1	1	1403.134573860	1403.182164880	0.000	11025.000	0.0476	11025.000	-70.02	cl
164	Waveform 1	1	1405.736936414	1405.795343575	0.000	11025.000	0.0584	11025.000		ca
164	Spectrogram 1	1	1405.736936414	1405.795343575	0.000	11025.000	0.0584	11025.000	-70.61	ca
165	Waveform 1	1	1405.903504984	1405.981381198	0.000	11025.000	0.0779	11025.000		ca
165	Spectrogram 1	1	1405.903504984	1405.981381198	0.000	11025.000	0.0779	11025.000	-68.46	ca
166	Waveform 1	1	1406.007339936	1406.070073554	0.000	11025.000	0.0627	11025.000		ca
166	Spectrogram 1	1	1406.007339936	1406.070073554	0.000	11025.000	0.0627	11025.000	-69.09	ca
167	Waveform 1	1	1406.093869064	1406.178234963	0.000	11025.000	0.0844	11025.000		ca
167	Spectrogram 1	1	1406.093869064	1406.178234963	0.000	11025.000	0.0844	11025.000	-69.82	ca
168	Waveform 1	1	1408.953645586	1409.323557605	0.000	11025.000	0.3699	11025.000		t
168	Spectrogram 1	1	1408.953645586	1409.323557605	0.000	11025.000	0.3699	11025.000	-71.38	t
169	Waveform 1	1	1410.721003089	1411.119037074	0.000	11025.000	0.3980	11025.000		pu
169	Spectrogram 1	1	1410.721003089	1411.119037074	0.000	11025.000	0.3980	11025.000	-59.05	pu
170	Waveform 1	1	1415.307046990	1415.350311554	0.000	11025.000	0.0433	11025.000		ca
170	Spectrogram 1	1	1415.307046990	1415.350311554	0.000	11025.000	0.0433	11025.000	-67.34	ca
171	Waveform 1	1	1415.352474782	1415.415208399	0.000	11025.000	0.0627	11025.000		ca
171	Spectrogram 1	1	1415.352474782	1415.415208399	0.000	11025.000	0.0627	11025.000	-67.48	ca
172	Waveform 1	1	1415.445493594	1415.508227211	0.000	11025.000	0.0627	11025.000		ca
172	Spectrogram 1	1	1415.445493594	1415.508227211	0.000	11025.000	0.0627	11025.000	-68.62	ca
173	Waveform 1	1	1415.534185949	1415.603409251	0.000	11025.000	0.0692	11025.000		ca
173	Spectrogram 1	1	1415.534185949	1415.603409251	0.000	11025.000	0.0692	11025.000	-70.90	ca
174	Waveform 1	1	1415.620715077	1415.689938378	0.000	11025.000	0.0692	11025.000		ca
174	Spectrogram 1	1	1415.620715077	1415.689938378	0.000	11025.000	0.0692	11025.000	-68.52	ca
175	Waveform 1	1	1415.705080976	1415.782957190	0.000	11025.000	0.0779	11025.000		ca
175	Spectrogram 1	1	1415.705080976	1415.782957190	0.000	11025.000	0.0779	11025.000	-66.92	ca
176	Waveform 1	1	1415.806752700	1415.884628915	0.000	11025.000	0.0779	11025.000		ca
176	Spectrogram 1	1	1415.806752700	1415.884628915	0.000	11025.000	0.0779	11025.000	-67.42	ca
177	Waveform 1	1	1415.951688988	1416.012259377	0.000	11025.000	0.0606	11025.000		p1
177	Spectrogram 1	1	1415.951688988	1416.012259377	0.000	11025.000	0.0606	11025.000	-62.87	p1
178	Waveform 1	1	1416.020912290	1416.085809136	0.000	11025.000	0.0649	11025.000		ca
178	Spectrogram 1	1	1416.020912290	1416.085809136	0.000	11025.000	0.0649	11025.000	-68.87	ca
179	Waveform 1	1	1416.096625277	1416.174501491	0.000	11025.000	0.0779	11025.000		ca
179	Spectrogram 1	1	1416.096625277	1416.174501491	0.000	11025.000	0.0779	11025.000	-70.21	ca
180	Waveform 1	1	1416.174501491	1416.544413510	0.000	11025.000	0.3699	11025.000		pu
180	Spectrogram 1	1	1416.174501491	1416.544413510	0.000	11025.000	0.3699	11025.000	-73.42	pu
181	Waveform 1	1	1418.227405114	1418.569195166	0.000	11025.000	0.3418	11025.000		t
181	Spectrogram 1	1	1418.227405114	1418.569195166	0.000	11025.000	0.3418	11025.000	-70.36	t
182	Waveform 1	1	1418.716294683	1418.779028300	0.000	11025.000	0.0627	11025.000		ca
182	Spectrogram 1	1	1418.716294683	1418.779028300	0.000	11025.000	0.0627	11025.000	-70.62	ca
183	Waveform 1	1	1418.800660582	1418.887189709	0.000	11025.000	0.0865	11025.000		ca
183	Spectrogram 1	1	1418.800660582	1418.887189709	0.000	11025.000	0.0865	11025.000	-68.10	ca
184	Waveform 1	1	1418.900169078	1418.984534977	0.000	11025.000	0.0844	11025.000		ca
184	Spectrogram 1	1	1418.900169078	1418.984534977	0.000	11025.000	0.0844	11025.000	-67.82	ca
185	Waveform 1	1	1426.339511029	1426.378449137	0.000	11025.000	0.0389	11025.000		cl
185	Spectrogram 1	1	1426.339511029	1426.378449137	0.000	11025.000	0.0389	11025.000	-68.43	cl
186	Waveform 1	1	1429.331255683	1429.720636755	0.000	11025.000	0.3894	11025.000		mo
186	Spectrogram 1	1	1429.331255683	1429.720636755	0.000	11025.000	0.3894	11025.000	-55.01	mo
187	Waveform 1	1	1436.963124942	1437.015042419	0.000	11025.000	0.0519	11025.000		l
187	Spectrogram 1	1	1436.963124942	1437.015042419	0.000	11025.000	0.0519	11025.000	-50.55	l
188	Waveform 1	1	1438.579059142	1438.639629531	0.000	11025.000	0.0606	11025.000		ca
188	Spectrogram 1	1	1438.579059142	1438.639629531	0.000	11025.000	0.0606	11025.000	-74.05	ca
189	Waveform 1	1	1438.672077954	1438.730485114	0.000	11025.000	0.0584	11025.000		ca
189	Spectrogram 1	1	1438.672077954	1438.730485114	0.000	11025.000	0.0584	11025.000	-76.10	ca
190	Waveform 1	1	1438.762933537	1438.834320067	0.000	11025.000	0.0714	11025.000		ca
190	Spectrogram 1	1	1438.762933537	1438.834320067	0.000	11025.000	0.0714	11025.000	-74.77	ca
191	Waveform 1	1	1439.046316429	1439.119866187	0.000	11025.000	0.0735	11025.000		ca
191	Spectrogram 1	1	1439.046316429	1439.119866187	0.000	11025.000	0.0735	11025.000	-76.14	ca
192	Waveform 1	1	1446.570023745	1446.779856879	0.000	11025.000	0.2098	11025.000		t
192	Spectrogram 1	1	1446.570023745	1446.779856879	0.000	11025.000	0.2098	11025.000	-69.30	t
193	Waveform 1	1	1449.012308362	1449.228631180	0.000	11025.000	0.2163	11025.000		t
193	Spectrogram 1	1	1449.012308362	1449.228631180	0.000	11025.000	0.2163	11025.000	-69.91	t
194	Waveform 1	1	1471.436332397	1471.598574510	0.000	11025.000	0.1622	11025.000		se
194	Spectrogram 1	1	1471.436332397	1471.598574510	0.000	11025.000	0.1622	11025.000	-61.90	se
195	Waveform 1	1	1471.788938590	1471.832203154	0.000	11025.000	0.0433	11025.000		cl
195	Spectrogram 1	1	1471.788938590	1471.832203154	0.000	11025.000	0.0433	11025.000	-64.98	cl
196	Waveform 1	1	1472.563374279	1472.621781440	0.000	11025.000	0.0584	11025.000		cl
196	Spectrogram 1	1	1472.563374279	1472.621781440	0.000	11025.000	0.0584	11025.000	-61.41	cl
197	Waveform 1	1	1477.534472797	1478.027688822	0.000	11025.000	0.4932	11025.000		t
197	Spectrogram 1	1	1477.534472797	1478.027688822	0.000	11025.000	0.4932	11025.000	-59.07	t
198	Waveform 1	1	1477.664266488	1477.878426078	0.000	11025.000	0.2142	11025.000		pu
198	Spectrogram 1	1	1477.664266488	1477.878426078	0.000	11025.000	0.2142	11025.000	-58.03	pu
199	Waveform 1	1	1479.981083949	1480.033001425	0.000	11025.000	0.0519	11025.000		ca
199	Spectrogram 1	1	1479.981083949	1480.033001425	0.000	11025.000	0.0519	11025.000	-67.40	ca
200	Waveform 1	1	1480.087082129	1480.158468659	0.000	11025.000	0.0714	11025.000		ca
200	Spectrogram 1	1	1480.087082129	1480.158468659	0.000	11025.000	0.0714	11025.000	-68.63	ca
201	Waveform 1	1	1480.210386136	1480.270956525	0.000	11025.000	0.0606	11025.000		ca
201	Spectrogram 1	1	1480.210386136	1480.270956525	0.000	11025.000	0.0606	11025.000	-69.46	ca
202	Waveform 1	1	1480.361812108	1480.478626430	0.000	11025.000	0.1168	11025.000		ca
202	Spectrogram 1	1	1480.361812108	1480.478626430	0.000	11025.000	0.1168	11025.000	-68.68	ca
203	Waveform 1	1	1485.629272887	1485.895349953	0.000	11025.000	0.2661	11025.000		t
203	Spectrogram 1	1	1485.629272887	1485.895349953	0.000	11025.000	0.2661	11025.000	-67.49	t
204	Waveform 1	1	1485.895349953	1486.077061121	0.000	11025.000	0.1817	11025.000		h
204	Spectrogram 1	1	1485.895349953	1486.077061121	0.000	11025.000	0.1817	11025.000	-66.21	h
205	Waveform 1	1	1488.359266931	1488.627507225	0.000	11025.000	0.2682	11025.000		p2
205	Spectrogram 1	1	1488.359266931	1488.627507225	0.000	11025.000	0.2682	11025.000	-72.55	p2
206	Waveform 1	1	1489.272149302	1490.128787661	0.000	11025.000	0.8566	11025.000		mo
206	Spectrogram 1	1	1489.272149302	1490.128787661	0.000	11025.000	0.8566	11025.000	-30.57	mo
207	Waveform 1	1	1492.757109980	1492.798211316	0.000	11025.000	0.0411	11025.000		cl
207	Spectrogram 1	1	1492.757109980	1492.798211316	0.000	11025.000	0.0411	11025.000	-69.92	cl
208	Waveform 1	1	1494.846788482	1494.996051227	0.000	11025.000	0.1493	11025.000		t
208	Spectrogram 1	1	1494.846788482	1494.996051227	0.000	11025.000	0.1493	11025.000	-59.27	t
209	Waveform 1	1	1495.876485096	1495.973830365	0.000	11025.000	0.0973	11025.000		sh
209	Spectrogram 1	1	1495.876485096	1495.973830365	0.000	11025.000	0.0973	11025.000	-78.02	sh
210	Waveform 1	1	1497.055444534	1497.340990654	0.000	11025.000	0.2855	11025.000		t
210	Spectrogram 1	1	1497.055444534	1497.340990654	0.000	11025.000	0.2855	11025.000	-63.46	t
211	Waveform 1	1	1497.340990654	1497.514048908	0.000	11025.000	0.1731	11025.000		t
211	Spectrogram 1	1	1497.340990654	1497.514048908	0.000	11025.000	0.1731	11025.000	-61.43	t
212	Waveform 1	1	1500.326245623	1500.399795381	0.000	11025.000	0.0735	11025.000		sh
212	Spectrogram 1	1	1500.326245623	1500.399795381	0.000	11025.000	0.0735	11025.000	-74.38	sh
213	Waveform 1	1	1502.878854955	1503.112483599	0.000	11025.000	0.2336	11025.000		t
213	Spectrogram 1	1	1502.878854955	1503.112483599	0.000	11025.000	0.2336	11025.000	-66.24	t
214	Waveform 1	1	1503.112483599	1503.281215397	0.000	11025.000	0.1687	11025.000		h
214	Spectrogram 1	1	1503.112483599	1503.281215397	0.000	11025.000	0.1687	11025.000	-63.98	h
215	Waveform 1	1	1503.677086154	1503.707371349	0.000	11025.000	0.0303	11025.000		cl
215	Spectrogram 1	1	1503.677086154	1503.707371349	0.000	11025.000	0.0303	11025.000	-75.33	cl
216	Waveform 1	1	1503.891245744	1503.928020623	0.000	11025.000	0.0368	11025.000		cl
216	Spectrogram 1	1	1503.891245744	1503.928020623	0.000	11025.000	0.0368	11025.000	-76.63	cl
217	Waveform 1	1	1503.990754240	1504.018876207	0.000	11025.000	0.0281	11025.000		cl
217	Spectrogram 1	1	1503.990754240	1504.018876207	0.000	11025.000	0.0281	11025.000	-76.63	cl
218	Waveform 1	1	1504.944737947	1505.507177274	0.000	11025.000	0.5624	11025.000		mo
218	Spectrogram 1	1	1504.944737947	1505.507177274	0.000	11025.000	0.5624	11025.000	-72.51	mo
219	Waveform 1	1	1508.849364893	1508.983485040	0.000	11025.000	0.1341	11025.000		t
219	Spectrogram 1	1	1508.849364893	1508.983485040	0.000	11025.000	0.1341	11025.000	-77.39	t
220	Waveform 1	1	1511.901674596	1512.472766836	0.000	11025.000	0.5711	11025.000		mo
220	Spectrogram 1	1	1511.901674596	1512.472766836	0.000	11025.000	0.5711	11025.000	-40.09	mo
221	Waveform 1	1	1511.845430663	1511.886531999	0.000	11025.000	0.0411	11025.000		pc
221	Spectrogram 1	1	1511.845430663	1511.886531999	0.000	11025.000	0.0411	11025.000	-74.64	pc
222	Waveform 1	1	1513.087123718	1513.245039375	0.000	11025.000	0.1579	11025.000		pu
222	Spectrogram 1	1	1513.087123718	1513.245039375	0.000	11025.000	0.1579	11025.000	-76.04	pu
223	Waveform 1	1	1513.307772993	1513.563033918	0.000	11025.000	0.2553	11025.000		pu
223	Spectrogram 1	1	1513.307772993	1513.563033918	0.000	11025.000	0.2553	11025.000	-74.69	pu
224	Waveform 1	1	1518.131771994	1518.508173698	0.000	11025.000	0.3764	11025.000		t
224	Spectrogram 1	1	1518.131771994	1518.508173698	0.000	11025.000	0.3764	11025.000	-45.77	t
225	Waveform 1	1	1519.232855138	1519.652521406	0.000	11025.000	0.4197	11025.000		t
225	Spectrogram 1	1	1519.232855138	1519.652521406	0.000	11025.000	0.4197	11025.000	-59.02	t
226	Waveform 1	1	1520.305816316	1520.351244108	0.000	11025.000	0.0454	11025.000		l
226	Spectrogram 1	1	1520.305816316	1520.351244108	0.000	11025.000	0.0454	11025.000	-61.81	l
227	Waveform 1	1	1524.283993099	1525.006511311	0.000	11025.000	0.7225	11025.000		mo
227	Spectrogram 1	1	1524.283993099	1525.006511311	0.000	11025.000	0.7225	11025.000	-69.07	mo
228	Waveform 1	1	1527.245452558	1527.286553893	0.000	11025.000	0.0411	11025.000		cl
228	Spectrogram 1	1	1527.245452558	1527.286553893	0.000	11025.000	0.0411	11025.000	-62.67	cl
229	Waveform 1	1	1529.010646832	1529.272397442	0.000	11025.000	0.2618	11025.000		h
229	Spectrogram 1	1	1529.010646832	1529.272397442	0.000	11025.000	0.2618	11025.000	-75.40	h
230	Waveform 1	1	1530.477315539	1530.953225739	0.000	11025.000	0.4759	11025.000		t
230	Spectrogram 1	1	1530.477315539	1530.953225739	0.000	11025.000	0.4759	11025.000	-62.81	t
231	Waveform 1	1	1530.591966633	1530.717433867	0.000	11025.000	0.1255	11025.000		b
231	Spectrogram 1	1	1530.591966633	1530.717433867	0.000	11025.000	0.1255	11025.000	-60.06	b
232	Waveform 1	1	1541.414583123	1541.503275479	0.000	11025.000	0.0887	11025.000		sh
232	Spectrogram 1	1	1541.414583123	1541.503275479	0.000	11025.000	0.0887	11025.000	-75.05	sh
233	Waveform 1	1	1541.531397445	1541.832086162	0.000	11025.000	0.3007	11025.000		h
233	Spectrogram 1	1	1541.531397445	1541.832086162	0.000	11025.000	0.3007	11025.000	-75.29	h
234	Waveform 1	1	1542.526482408	1542.872598917	0.000	11025.000	0.3461	11025.000		h
234	Spectrogram 1	1	1542.526482408	1542.872598917	0.000	11025.000	0.3461	11025.000	-53.99	h
235	Waveform 1	1	1547.856669864	1548.092461735	0.000	11025.000	0.2358	11025.000		h
235	Spectrogram 1	1	1547.856669864	1548.092461735	0.000	11025.000	0.2358	11025.000	-53.98	h
236	Waveform 1	1	1548.072992682	1548.317437466	0.000	11025.000	0.2444	11025.000		t
236	Spectrogram 1	1	1548.072992682	1548.317437466	0.000	11025.000	0.2444	11025.000	-67.28	t
237	Waveform 1	1	1549.254115347	1549.485580763	0.000	11025.000	0.2315	11025.000		h
237	Spectrogram 1	1	1549.254115347	1549.485580763	0.000	11025.000	0.2315	11025.000	-71.31	h
238	Waveform 1	1	1549.450969112	1549.665128702	0.000	11025.000	0.2142	11025.000		t
238	Spectrogram 1	1	1549.450969112	1549.665128702	0.000	11025.000	0.2142	11025.000	-69.13	t
239	Waveform 1	1	1550.283811962	1550.357361720	0.000	11025.000	0.0735	11025.000		sh
239	Spectrogram 1	1	1550.283811962	1550.357361720	0.000	11025.000	0.0735	11025.000	-66.64	sh
240	Waveform 1	1	1550.476339270	1550.521767062	0.000	11025.000	0.0454	11025.000		cl
240	Spectrogram 1	1	1550.476339270	1550.521767062	0.000	11025.000	0.0454	11025.000	-66.82	cl
241	Waveform 1	1	1551.105838671	1551.332977630	0.000	11025.000	0.2271	11025.000		t
241	Spectrogram 1	1	1551.105838671	1551.332977630	0.000	11025.000	0.2271	11025.000	-69.90	t
242	Waveform 1	1	1551.748317519	1552.057659149	0.000	11025.000	0.3093	11025.000		t
242	Spectrogram 1	1	1551.748317519	1552.057659149	0.000	11025.000	0.3093	11025.000	-55.72	t
243	Waveform 1	1	1553.195517172	1553.401023849	0.000	11025.000	0.2055	11025.000		t
243	Spectrogram 1	1	1553.195517172	1553.401023849	0.000	11025.000	0.2055	11025.000	-78.82	t
244	Waveform 1	1	1553.775262325	1553.846648855	0.000	11025.000	0.0714	11025.000		b
244	Spectrogram 1	1	1553.775262325	1553.846648855	0.000	11025.000	0.0714	11025.000	-73.40	b
245	Waveform 1	1	1554.830917756	1554.900141058	0.000	11025.000	0.0692	11025.000		m
245	Spectrogram 1	1	1554.830917756	1554.900141058	0.000	11025.000	0.0692	11025.000	-61.47	m
246	Waveform 1	1	1557.720990685	1557.861600517	0.000	11025.000	0.1406	11025.000		h
246	Spectrogram 1	1	1557.720990685	1557.861600517	0.000	11025.000	0.1406	11025.000	-71.96	h
247	Waveform 1	1	1560.900936190	1560.942037525	0.000	11025.000	0.0411	11025.000		cl
247	Spectrogram 1	1	1560.900936190	1560.942037525	0.000	11025.000	0.0411	11025.000	-65.93	cl
248	Waveform 1	1	1565.469674266	1566.071051700	0.000	11025.000	0.6014	11025.000		mo
248	Spectrogram 1	1	1565.469674266	1566.071051700	0.000	11025.000	0.6014	11025.000	-50.42	mo
249	Waveform 1	1	1572.647268811	1572.768409589	0.000	11025.000	0.1211	11025.000		h
249	Spectrogram 1	1	1572.647268811	1572.768409589	0.000	11025.000	0.1211	11025.000	-58.33	h
250	Waveform 1	1	1580.430564043	1580.538725452	0.000	11025.000	0.1082	11025.000		h
250	Spectrogram 1	1	1580.430564043	1580.538725452	0.000	11025.000	0.1082	11025.000	-79.98	h
251	Waveform 1	1	1582.985336604	1583.454757119	0.000	11025.000	0.4694	11025.000		w
251	Spectrogram 1	1	1582.985336604	1583.454757119	0.000	11025.000	0.4694	11025.000	-45.37	w
252	Waveform 1	1	1583.770588433	1584.748367571	0.000	11025.000	0.9778	11025.000		mo
252	Spectrogram 1	1	1583.770588433	1584.748367571	0.000	11025.000	0.9778	11025.000	-61.04	mo
253	Waveform 1	1	1584.047481641	1584.090746204	0.000	11025.000	0.0433	11025.000		cl
253	Spectrogram 1	1	1584.047481641	1584.090746204	0.000	11025.000	0.0433	11025.000	-59.42	cl
254	Waveform 1	1	1585.866756620	1585.912184411	0.000	11025.000	0.0454	11025.000		cl
254	Spectrogram 1	1	1585.866756620	1585.912184411	0.000	11025.000	0.0454	11025.000	-65.48	cl
255	Waveform 1	1	1585.968428344	1586.016019364	0.000	11025.000	0.0476	11025.000		cl
255	Spectrogram 1	1	1585.968428344	1586.016019364	0.000	11025.000	0.0476	11025.000	-68.01	cl
256	Waveform 1	1	1587.114939280	1587.162530300	0.000	11025.000	0.0476	11025.000		cl
256	Spectrogram 1	1	1587.114939280	1587.162530300	0.000	11025.000	0.0476	11025.000	-72.44	cl
257	Waveform 1	1	1587.383179575	1587.422117682	0.000	11025.000	0.0389	11025.000		cl
257	Spectrogram 1	1	1587.383179575	1587.422117682	0.000	11025.000	0.0389	11025.000	-71.52	cl
258	Waveform 1	1	1587.601665621	1587.638440500	0.000	11025.000	0.0368	11025.000		cl
258	Spectrogram 1	1	1587.601665621	1587.638440500	0.000	11025.000	0.0368	11025.000	-70.97	cl
259	Waveform 1	1	1589.687017666	1589.905503713	0.000	11025.000	0.2185	11025.000		h
259	Spectrogram 1	1	1589.687017666	1589.905503713	0.000	11025.000	0.2185	11025.000	-76.15	h
260	Waveform 1	1	1595.982011910	1596.300006452	0.000	11025.000	0.3180	11025.000		t
260	Spectrogram 1	1	1595.982011910	1596.300006452	0.000	11025.000	0.3180	11025.000	-66.45	t
261	Waveform 1	1	1600.799521148	1600.847112168	0.000	11025.000	0.0476	11025.000		cl
261	Spectrogram 1	1	1600.799521148	1600.847112168	0.000	11025.000	0.0476	11025.000	-70.03	cl
262	Waveform 1	1	1601.454979366	1601.653996358	0.000	11025.000	0.1990	11025.000		h
262	Spectrogram 1	1	1601.454979366	1601.653996358	0.000	11025.000	0.1990	11025.000	-72.84	h
263	Waveform 1	1	1607.377898283	1608.020377053	0.000	11025.000	0.6425	11025.000		w
263	Spectrogram 1	1	1607.377898283	1608.020377053	0.000	11025.000	0.6425	11025.000	-46.33	w
264	Waveform 1	1	1608.974360760	1609.073869256	0.000	11025.000	0.0995	11025.000		p2
264	Spectrogram 1	1	1608.974360760	1609.073869256	0.000	11025.000	0.0995	11025.000	-66.91	p2
265	Waveform 1	1	1615.046542422	1615.197968395	0.000	11025.000	0.1514	11025.000		h
265	Spectrogram 1	1	1615.046542422	1615.197968395	0.000	11025.000	0.1514	11025.000	-73.18	h
266	Waveform 1	1	1616.621361326	1616.829031231	0.000	11025.000	0.2077	11025.000		mo
266	Spectrogram 1	1	1616.621361326	1616.829031231	0.000	11025.000	0.2077	11025.000	-74.91	mo
267	Waveform 1	1	1630.238883120	1630.279984456	0.000	11025.000	0.0411	11025.000		cl
267	Spectrogram 1	1	1630.238883120	1630.279984456	0.000	11025.000	0.0411	11025.000	-71.62	cl
268	Waveform 1	1	1652.944126819	1653.285916871	0.000	11025.000	0.3418	11025.000		w
268	Spectrogram 1	1	1652.944126819	1653.285916871	0.000	11025.000	0.3418	11025.000	-58.06	w
269	Waveform 1	1	1653.567136535	1653.683950857	0.000	11025.000	0.1168	11025.000		p2
269	Spectrogram 1	1	1653.567136535	1653.683950857	0.000	11025.000	0.1168	11025.000	-74.11	p2
270	Waveform 1	1	1653.738031561	1653.863498796	0.000	11025.000	0.1255	11025.000		p2
270	Spectrogram 1	1	1653.738031561	1653.863498796	0.000	11025.000	0.1255	11025.000	-75.71	p2
271	Waveform 1	1	1654.272349001	1654.767728254	0.000	11025.000	0.4954	11025.000		mo
271	Spectrogram 1	1	1654.272349001	1654.767728254	0.000	11025.000	0.4954	11025.000	-61.09	mo
272	Waveform 1	1	1655.200373890	1655.462124500	0.000	11025.000	0.2618	11025.000		hw
272	Spectrogram 1	1	1655.200373890	1655.462124500	0.000	11025.000	0.2618	11025.000	-70.91	hw
273	Waveform 1	1	1655.330167581	1655.449145131	0.000	11025.000	0.1190	11025.000		hw
273	Spectrogram 1	1	1655.330167581	1655.449145131	0.000	11025.000	0.1190	11025.000	-69.43	hw
274	Waveform 1	1	1655.442655447	1655.628693070	0.000	11025.000	0.1860	11025.000		hw
274	Spectrogram 1	1	1655.442655447	1655.628693070	0.000	11025.000	0.1860	11025.000	-71.77	hw
275	Waveform 1	1	1655.901259821	1657.160258623	0.000	11025.000	1.2590	11025.000		mo
275	Spectrogram 1	1	1655.901259821	1657.160258623	0.000	11025.000	1.2590	11025.000	-53.39	mo
276	Waveform 1	1	1656.126235552	1656.509126940	0.000	11025.000	0.3829	11025.000		mo
276	Spectrogram 1	1	1656.126235552	1656.509126940	0.000	11025.000	0.3829	11025.000	-53.12	mo
277	Waveform 1	1	1657.895756283	1658.337054832	0.000	11025.000	0.4413	11025.000		mo
277	Spectrogram 1	1	1657.895756283	1658.337054832	0.000	11025.000	0.4413	11025.000	-59.57	mo
278	Waveform 1	1	1658.897330931	1659.440301204	0.000	11025.000	0.5430	11025.000		mo
278	Spectrogram 1	1	1658.897330931	1659.440301204	0.000	11025.000	0.5430	11025.000	-77.93	mo
279	Waveform 1	1	1665.994882377	1666.637361147	0.000	11025.000	0.6425	11025.000		mo
279	Spectrogram 1	1	1665.994882377	1666.637361147	0.000	11025.000	0.6425	11025.000	-74.18	mo
280	Waveform 1	1	1668.495574234	1668.556144623	0.000	11025.000	0.0606	11025.000		m
280	Spectrogram 1	1	1668.495574234	1668.556144623	0.000	11025.000	0.0606	11025.000	-73.03	m
281	Waveform 1	1	1671.100100058	1671.645233559	0.000	11025.000	0.5451	11025.000		mo
281	Spectrogram 1	1	1671.100100058	1671.645233559	0.000	11025.000	0.5451	11025.000	-30.22	mo
282	Waveform 1	1	1670.702066072	1671.353197755	0.000	11025.000	0.6511	11025.000		mo
282	Spectrogram 1	1	1670.702066072	1671.353197755	0.000	11025.000	0.6511	11025.000	-29.25	mo
283	Waveform 1	1	1671.796659532	1672.400200195	0.000	11025.000	0.6035	11025.000		mo
283	Spectrogram 1	1	1671.796659532	1672.400200195	0.000	11025.000	0.6035	11025.000	-30.27	mo
284	Waveform 1	1	1672.417506099	1672.478076488	0.000	11025.000	0.0606	11025.000		b
284	Spectrogram 1	1	1672.417506099	1672.478076488	0.000	11025.000	0.0606	11025.000	-56.89	b
285	Waveform 1	1	1672.765785836	1673.468834995	0.000	11025.000	0.7030	11025.000		mo
285	Spectrogram 1	1	1672.765785836	1673.468834995	0.000	11025.000	0.7030	11025.000	-38.34	mo
286	Waveform 1	1	1676.010628187	1676.421641541	0.000	11025.000	0.4110	11025.000		w
286	Spectrogram 1	1	1676.010628187	1676.421641541	0.000	11025.000	0.4110	11025.000	-76.55	w
287	Waveform 1	1	1678.089490547	1678.409648318	0.000	11025.000	0.3202	11025.000		w
287	Spectrogram 1	1	1678.089490547	1678.409648318	0.000	11025.000	0.3202	11025.000	-74.03	w
288	Waveform 1	1	1679.307388013	1679.473956583	0.000	11025.000	0.1666	11025.000		p2
288	Spectrogram 1	1	1679.307388013	1679.473956583	0.000	11025.000	0.1666	11025.000	-79.18	p2
289	Waveform 1	1	1680.081823781	1680.553407524	0.000	11025.000	0.4716	11025.000		mo
289	Spectrogram 1	1	1680.081823781	1680.553407524	0.000	11025.000	0.4716	11025.000	-56.72	mo
290	Waveform 1	1	1680.443082887	1681.319190301	0.000	11025.000	0.8761	11025.000		mo
290	Spectrogram 1	1	1680.443082887	1681.319190301	0.000	11025.000	0.8761	11025.000	-36.89	mo
291	Waveform 1	1	1681.392740059	1681.946526473	0.000	11025.000	0.5538	11025.000		p3
291	Spectrogram 1	1	1681.392740059	1681.946526473	0.000	11025.000	0.5538	11025.000	-34.37	p3
292	Waveform 1	1	1682.089299533	1682.861571994	0.000	11025.000	0.7723	11025.000		mo
292	Spectrogram 1	1	1682.089299533	1682.861571994	0.000	11025.000	0.7723	11025.000	-63.24	mo
293	Waveform 1	1	1690.331199140	1690.610255575	0.000	11025.000	0.2791	11025.000		w
293	Spectrogram 1	1	1690.331199140	1690.610255575	0.000	11025.000	0.2791	11025.000	-78.02	w
294	Waveform 1	1	1692.213207736	1692.741035412	0.000	11025.000	0.5278	11025.000		w
294	Spectrogram 1	1	1692.213207736	1692.741035412	0.000	11025.000	0.5278	11025.000	-76.38	w
295	Waveform 1	1	1696.509379061	1696.678110859	0.000	11025.000	0.1687	11025.000		hw
295	Spectrogram 1	1	1696.509379061	1696.678110859	0.000	11025.000	0.1687	11025.000	-78.56	hw
296	Waveform 1	1	1699.587645901	1699.903477216	0.000	11025.000	0.3158	11025.000		mo
296	Spectrogram 1	1	1699.587645901	1699.903477216	0.000	11025.000	0.3158	11025.000	-33.16	mo
297	Waveform 1	1	1699.587645901	1700.186860108	0.000	11025.000	0.5992	11025.000		mo
297	Spectrogram 1	1	1699.587645901	1700.186860108	0.000	11025.000	0.5992	11025.000	-31.73	mo
298	Waveform 1	1	1700.186860108	1700.654117395	0.000	11025.000	0.4673	11025.000		mo
298	Spectrogram 1	1	1700.186860108	1700.654117395	0.000	11025.000	0.4673	11025.000	-29.51	mo
299	Waveform 1	1	1700.671423220	1700.760115576	0.000	11025.000	0.0887	11025.000		b
299	Spectrogram 1	1	1700.671423220	1700.760115576	0.000	11025.000	0.0887	11025.000	-56.45	b
300	Waveform 1	1	1700.911541548	1700.948316427	0.000	11025.000	0.0368	11025.000		pc
300	Spectrogram 1	1	1700.911541548	1700.948316427	0.000	11025.000	0.0368	11025.000	-48.92	pc
301	Waveform 1	1	1700.967785481	1701.261984514	0.000	11025.000	0.2942	11025.000		mo
301	Spectrogram 1	1	1700.967785481	1701.261984514	0.000	11025.000	0.2942	11025.000	-34.30	mo
302	Waveform 1	1	1701.274958954	1701.867683476	0.000	11025.000	0.5927	11025.000		mo
302	Spectrogram 1	1	1701.274958954	1701.867683476	0.000	11025.000	0.5927	11025.000	-68.45	mo
303	Waveform 1	1	1701.692461993	1702.172698650	0.000	11025.000	0.4802	11025.000		mo
303	Spectrogram 1	1	1701.692461993	1702.172698650	0.000	11025.000	0.4802	11025.000	-70.06	mo
304	Waveform 1	1	1702.447428707	1702.802198129	0.000	11025.000	0.3548	11025.000		cm
304	Spectrogram 1	1	1702.447428707	1702.802198129	0.000	11025.000	0.3548	11025.000	-75.67	cm
305	Waveform 1	1	1705.482437924	1706.172507714	0.000	11025.000	0.6901	11025.000		mo
305	Spectrogram 1	1	1705.482437924	1706.172507714	0.000	11025.000	0.6901	11025.000	-72.56	mo
306	Waveform 1	1	1707.572116426	1707.885784512	0.000	11025.000	0.3137	11025.000		mo
306	Spectrogram 1	1	1707.572116426	1707.885784512	0.000	11025.000	0.3137	11025.000	-29.76	mo
307	Waveform 1	1	1707.572116426	1708.043700169	0.000	11025.000	0.4716	11025.000		mo
307	Spectrogram 1	1	1707.572116426	1708.043700169	0.000	11025.000	0.4716	11025.000	-31.15	mo
308	Waveform 1	1	1708.043700169	1708.478509034	0.000	11025.000	0.4348	11025.000		p2
308	Spectrogram 1	1	1708.043700169	1708.478509034	0.000	11025.000	0.4348	11025.000	-45.67	p2
309	Waveform 1	1	1708.541242651	1709.116661347	0.000	11025.000	0.5754	11025.000		mo
309	Spectrogram 1	1	1708.541242651	1709.116661347	0.000	11025.000	0.5754	11025.000	-41.10	mo
310	Waveform 1	1	1708.848421053	1709.620693514	0.000	11025.000	0.7723	11025.000		mo
310	Spectrogram 1	1	1708.848421053	1709.620693514	0.000	11025.000	0.7723	11025.000	-43.88	mo
311	Waveform 1	1	1709.930040561	1710.925125524	0.000	11025.000	0.9951	11025.000		mo
311	Spectrogram 1	1	1709.930040561	1710.925125524	0.000	11025.000	0.9951	11025.000	-71.96	mo
312	Waveform 1	1	1712.175476831	1712.223067851	0.000	11025.000	0.0476	11025.000		pc
312	Spectrogram 1	1	1712.175476831	1712.223067851	0.000	11025.000	0.0476	11025.000	-59.05	pc
313	Waveform 1	1	1712.253353045	1712.796323319	0.000	11025.000	0.5430	11025.000		mo
313	Spectrogram 1	1	1712.253353045	1712.796323319	0.000	11025.000	0.5430	11025.000	-29.68	mo
314	Waveform 1	1	1713.241948324	1714.083444087	0.000	11025.000	0.8415	11025.000		mo
314	Spectrogram 1	1	1713.241948324	1714.083444087	0.000	11025.000	0.8415	11025.000	-43.39	mo
315	Waveform 1	1	1720.146972915	1720.744023893	0.000	11025.000	0.5971	11025.000		mo
315	Spectrogram 1	1	1720.146972915	1720.744023893	0.000	11025.000	0.5971	11025.000	-77.06	mo
316	Waveform 1	1	1724.596733362	1725.282476696	0.000	11025.000	0.6857	11025.000		w
316	Spectrogram 1	1	1724.596733362	1725.282476696	0.000	11025.000	0.6857	11025.000	-74.12	w
317	Waveform 1	1	1730.478551023	1730.906870203	0.000	11025.000	0.4283	11025.000		mo
317	Spectrogram 1	1	1730.478551023	1730.906870203	0.000	11025.000	0.4283	11025.000	-34.81	mo
318	Waveform 1	1	1730.761933915	1731.118866565	0.000	11025.000	0.3569	11025.000		mo
318	Spectrogram 1	1	1730.761933915	1731.118866565	0.000	11025.000	0.3569	11025.000	-40.93	mo
319	Waveform 1	1	1732.193990971	1732.873244620	0.000	11025.000	0.6793	11025.000		mo
319	Spectrogram 1	1	1732.193990971	1732.873244620	0.000	11025.000	0.6793	11025.000	-79.89	mo
320	Waveform 1	1	1732.916509262	1733.688781723	0.000	11025.000	0.7723	11025.000		mo
320	Spectrogram 1	1	1732.916509262	1733.688781723	0.000	11025.000	0.7723	11025.000	-33.36	mo
321	Waveform 1	1	1733.210708295	1733.939716192	0.000	11025.000	0.7290	11025.000		mo
321	Spectrogram 1	1	1733.210708295	1733.939716192	0.000	11025.000	0.7290	11025.000	-33.00	mo
322	Waveform 1	1	1738.253202952	1738.311610113	0.000	11025.000	0.0584	11025.000		b
322	Spectrogram 1	1	1738.253202952	1738.311610113	0.000	11025.000	0.0584	11025.000	-56.28	b
323	Waveform 1	1	1740.807975513	1741.145439109	0.000	11025.000	0.3375	11025.000		mo
323	Spectrogram 1	1	1740.807975513	1741.145439109	0.000	11025.000	0.3375	11025.000	-79.71	mo
324	Waveform 1	1	1742.441199977	1742.904130807	0.000	11025.000	0.4629	11025.000		b
324	Spectrogram 1	1	1742.441199977	1742.904130807	0.000	11025.000	0.4629	11025.000	-42.92	b
325	Waveform 1	1	1742.936579230	1742.994986391	0.000	11025.000	0.0584	11025.000		b
325	Spectrogram 1	1	1742.936579230	1742.994986391	0.000	11025.000	0.0584	11025.000	-48.81	b
326	Waveform 1	1	1743.213472437	1743.925174509	0.000	11025.000	0.7117	11025.000		mo
326	Spectrogram 1	1	1743.213472437	1743.925174509	0.000	11025.000	0.7117	11025.000	-39.38	mo
327	Waveform 1	1	1743.174534330	1743.206982753	0.000	11025.000	0.0324	11025.000		pc
327	Spectrogram 1	1	1743.174534330	1743.206982753	0.000	11025.000	0.0324	11025.000	-62.23	pc
328	Waveform 1	1	1744.249658815	1744.881321444	0.000	11025.000	0.6317	11025.000		mo
328	Spectrogram 1	1	1744.249658815	1744.881321444	0.000	11025.000	0.6317	11025.000	-70.11	mo
329	Waveform 1	1	1755.178287901	1755.234531834	0.000	11025.000	0.0562	11025.000		l
329	Spectrogram 1	1	1755.178287901	1755.234531834	0.000	11025.000	0.0562	11025.000	-52.46	l
330	Waveform 1	1	1756.445939615	1756.510836461	0.000	11025.000	0.0649	11025.000		sh
330	Spectrogram 1	1	1756.445939615	1756.510836461	0.000	11025.000	0.0649	11025.000	-75.40	sh
331	Waveform 1	1	1765.440642708	1765.953327787	0.000	11025.000	0.5127	11025.000		mo
331	Spectrogram 1	1	1765.440642708	1765.953327787	0.000	11025.000	0.5127	11025.000	-33.82	mo
332	Waveform 1	1	1767.902396457	1767.993252040	0.000	11025.000	0.0909	11025.000		sh
332	Spectrogram 1	1	1767.902396457	1767.993252040	0.000	11025.000	0.0909	11025.000	-74.31	sh
333	Waveform 1	1	1768.209574858	1768.456182871	0.000	11025.000	0.2466	11025.000		h
333	Spectrogram 1	1	1768.209574858	1768.456182871	0.000	11025.000	0.2466	11025.000	-70.23	h
334	Waveform 1	1	1781.431225895	1781.470164003	0.000	11025.000	0.0389	11025.000		cl
334	Spectrogram 1	1	1781.431225895	1781.470164003	0.000	11025.000	0.0389	11025.000	-70.98	cl
335	Waveform 1	1	1783.622576122	1783.908122242	0.000	11025.000	0.2855	11025.000		t
335	Spectrogram 1	1	1783.622576122	1783.908122242	0.000	11025.000	0.2855	11025.000	-59.32	t
336	Waveform 1	1	1796.861532984	1796.911287232	0.000	11025.000	0.0498	11025.000		l
336	Spectrogram 1	1	1796.861532984	1796.911287232	0.000	11025.000	0.0498	11025.000	-73.13	l
337	Waveform 1	1	1796.956715024	1797.019448642	0.000	11025.000	0.0627	11025.000		l
337	Spectrogram 1	1	1796.956715024	1797.019448642	0.000	11025.000	0.0627	11025.000	-71.92	l
338	Waveform 1	1	1797.062713205	1797.138426191	0.000	11025.000	0.0757	11025.000		l
338	Spectrogram 1	1	1797.062713205	1797.138426191	0.000	11025.000	0.0757	11025.000	-73.53	l
339	Waveform 1	1	1797.224955319	1797.294178621	0.000	11025.000	0.0692	11025.000		l
339	Spectrogram 1	1	1797.224955319	1797.294178621	0.000	11025.000	0.0692	11025.000	-72.40	l
340	Waveform 1	1	1797.824169525	1797.880413458	0.000	11025.000	0.0562	11025.000		ca
340	Spectrogram 1	1	1797.824169525	1797.880413458	0.000	11025.000	0.0562	11025.000	-76.48	ca
341	Waveform 1	1	1797.908535424	1797.971269041	0.000	11025.000	0.0627	11025.000		ca
341	Spectrogram 1	1	1797.908535424	1797.971269041	0.000	11025.000	0.0627	11025.000	-76.28	ca
342	Waveform 1	1	1798.083756907	1798.150816980	0.000	11025.000	0.0671	11025.000		ca
342	Spectrogram 1	1	1798.083756907	1798.150816980	0.000	11025.000	0.0671	11025.000	-77.67	ca
343	Waveform 1	1	1798.176775719	1798.248162249	0.000	11025.000	0.0714	11025.000		ca
343	Spectrogram 1	1	1798.176775719	1798.248162249	0.000	11025.000	0.0714	11025.000	-77.67	ca
344	Waveform 1	1	1798.276284215	1798.347670745	0.000	11025.000	0.0714	11025.000		ca
344	Spectrogram 1	1	1798.276284215	1798.347670745	0.000	11025.000	0.0714	11025.000	-76.61	ca
345	Waveform 1	1	1798.382282396	1798.451505698	0.000	11025.000	0.0692	11025.000		ca
345	Spectrogram 1	1	1798.382282396	1798.451505698	0.000	11025.000	0.0692	11025.000	-76.59	ca
346	Waveform 1	1	1798.585625845	1798.644033006	0.000	11025.000	0.0584	11025.000		ca
346	Spectrogram 1	1	1798.585625845	1798.644033006	0.000	11025.000	0.0584	11025.000	-75.42	ca
347	Waveform 1	1	1798.674318200	1798.743541502	0.000	11025.000	0.0692	11025.000		ca
347	Spectrogram 1	1	1798.674318200	1798.743541502	0.000	11025.000	0.0692	11025.000	-74.95	ca
348	Waveform 1	1	1798.775989925	1798.838723542	0.000	11025.000	0.0627	11025.000		ca
348	Spectrogram 1	1	1798.775989925	1798.838723542	0.000	11025.000	0.0627	11025.000	-75.34	ca
349	Waveform 1	1	1814.024585846	1814.145726625	0.000	11025.000	0.1211	11025.000		sh
349	Spectrogram 1	1	1814.024585846	1814.145726625	0.000	11025.000	0.1211	11025.000	-74.83	sh
350	Waveform 1	1	1831.698160638	1832.020481637	0.000	11025.000	0.3223	11025.000		t
350	Spectrogram 1	1	1831.698160638	1832.020481637	0.000	11025.000	0.3223	11025.000	-74.64	t
351	Waveform 1	1	1833.428743261	1833.545557583	0.000	11025.000	0.1168	11025.000		h
351	Spectrogram 1	1	1833.428743261	1833.545557583	0.000	11025.000	0.1168	11025.000	-76.55	h
352	Waveform 1	1	1833.536904671	1833.714289381	0.000	11025.000	0.1774	11025.000		h
352	Spectrogram 1	1	1833.536904671	1833.714289381	0.000	11025.000	0.1774	11025.000	-77.10	h
353	Waveform 1	1	1836.134941795	1836.232287063	0.000	11025.000	0.0973	11025.000		sh
353	Spectrogram 1	1	1836.134941795	1836.232287063	0.000	11025.000	0.0973	11025.000	-79.54	sh
354	Waveform 1	1	1837.482632952	1837.512918146	0.000	11025.000	0.0303	11025.000		l
354	Spectrogram 1	1	1837.482632952	1837.512918146	0.000	11025.000	0.0303	11025.000	-76.58	l
355	Waveform 1	1	1837.536713656	1837.584304676	0.000	11025.000	0.0476	11025.000		l
355	Spectrogram 1	1	1837.536713656	1837.584304676	0.000	11025.000	0.0476	11025.000	-76.68	l
356	Waveform 1	1	1837.605936958	1837.640548609	0.000	11025.000	0.0346	11025.000		l
356	Spectrogram 1	1	1837.605936958	1837.640548609	0.000	11025.000	0.0346	11025.000	-74.76	l
357	Waveform 1	1	1849.609690529	1849.996908374	0.000	11025.000	0.3872	11025.000		w
357	Spectrogram 1	1	1849.609690529	1849.996908374	0.000	11025.000	0.3872	11025.000	-74.46	w
358	Waveform 1	1	1851.766429105	1851.963282869	0.000	11025.000	0.1969	11025.000		t
358	Spectrogram 1	1	1851.766429105	1851.963282869	0.000	11025.000	0.1969	11025.000	-76.97	t
359	Waveform 1	1	1854.074593574	1854.135163963	0.000	11025.000	0.0606	11025.000		cl
359	Spectrogram 1	1	1854.074593574	1854.135163963	0.000	11025.000	0.0606	11025.000	-76.02	cl
360	Waveform 1	1	1855.891705325	1856.384921350	0.000	11025.000	0.4932	11025.000		mo
360	Spectrogram 1	1	1855.891705325	1856.384921350	0.000	11025.000	0.4932	11025.000	-45.18	mo
361	Waveform 1	1	1855.909011150	1856.553653148	0.000	11025.000	0.6446	11025.000		mo
361	Spectrogram 1	1	1855.909011150	1856.553653148	0.000	11025.000	0.6446	11025.000	-46.44	mo
362	Waveform 1	1	1858.654147791	1859.316095615	0.000	11025.000	0.6619	11025.000		mo
362	Spectrogram 1	1	1858.654147791	1859.316095615	0.000	11025.000	0.6619	11025.000	-71.38	mo
363	Waveform 1	1	1859.439399699	1859.623274095	0.000	11025.000	0.1839	11025.000		mo
363	Spectrogram 1	1	1859.439399699	1859.623274095	0.000	11025.000	0.1839	11025.000	-76.99	mo
364	Waveform 1	1	1859.640579920	1860.086204926	0.000	11025.000	0.4456	11025.000		mo
364	Spectrogram 1	1	1859.640579920	1860.086204926	0.000	11025.000	0.4456	11025.000	-75.79	mo
365	Waveform 1	1	1862.439797266	1862.547958675	0.000	11025.000	0.1082	11025.000		sh
365	Spectrogram 1	1	1862.439797266	1862.547958675	0.000	11025.000	0.1082	11025.000	-71.07	sh
366	Waveform 1	1	1862.547958675	1863.060643754	0.000	11025.000	0.5127	11025.000		p2
366	Spectrogram 1	1	1862.547958675	1863.060643754	0.000	11025.000	0.5127	11025.000	-41.04	p2
367	Waveform 1	1	1867.877070821	1868.067434901	0.000	11025.000	0.1904	11025.000		t
367	Spectrogram 1	1	1867.877070821	1868.067434901	0.000	11025.000	0.1904	11025.000	-60.82	t
368	Waveform 1	1	1868.030660022	1868.110699464	0.000	11025.000	0.0800	11025.000		sh
368	Spectrogram 1	1	1868.030660022	1868.110699464	0.000	11025.000	0.0800	11025.000	-56.30	sh
369	Waveform 1	1	1868.151800800	1868.212371189	0.000	11025.000	0.0606	11025.000		l
369	Spectrogram 1	1	1868.151800800	1868.212371189	0.000	11025.000	0.0606	11025.000	-58.34	l
370	Waveform 1	1	1868.327022282	1868.381102987	0.000	11025.000	0.0541	11025.000		m
370	Spectrogram 1	1	1868.327022282	1868.381102987	0.000	11025.000	0.0541	11025.000	-66.81	m
371	Waveform 1	1	1868.467632114	1868.517386362	0.000	11025.000	0.0498	11025.000		m
371	Spectrogram 1	1	1868.467632114	1868.517386362	0.000	11025.000	0.0498	11025.000	-66.38	m
372	Waveform 1	1	1868.430857235	1868.465468886	0.000	11025.000	0.0346	11025.000		l
372	Spectrogram 1	1	1868.430857235	1868.465468886	0.000	11025.000	0.0346	11025.000	-73.48	l
373	Waveform 1	1	1868.521712819	1868.575793523	0.000	11025.000	0.0541	11025.000		m
373	Spectrogram 1	1	1868.521712819	1868.575793523	0.000	11025.000	0.0541	11025.000	-69.13	m
374	Waveform 1	1	1868.606078718	1868.642853597	0.000	11025.000	0.0368	11025.000		m
374	Spectrogram 1	1	1868.606078718	1868.642853597	0.000	11025.000	0.0368	11025.000	-71.43	m
375	Waveform 1	1	1868.757504690	1868.792116341	0.000	11025.000	0.0346	11025.000		m
375	Spectrogram 1	1	1868.757504690	1868.792116341	0.000	11025.000	0.0346	11025.000	-72.00	m
376	Waveform 1	1	1870.379925247	1870.700083018	0.000	11025.000	0.3202	11025.000		h
376	Spectrogram 1	1	1870.379925247	1870.700083018	0.000	11025.000	0.3202	11025.000	-74.55	h
377	Waveform 1	1	1872.155935584	1872.233811798	0.000	11025.000	0.0779	11025.000		sh
377	Spectrogram 1	1	1872.155935584	1872.233811798	0.000	11025.000	0.0779	11025.000	-58.28	sh
378	Waveform 1	1	1872.277076362	1872.341973207	0.000	11025.000	0.0649	11025.000		sh
378	Spectrogram 1	1	1872.277076362	1872.341973207	0.000	11025.000	0.0649	11025.000	-59.95	sh
379	Waveform 1	1	1873.241876210	1873.369506672	0.000	11025.000	0.1276	11025.000		h
379	Spectrogram 1	1	1873.241876210	1873.369506672	0.000	11025.000	0.1276	11025.000	-75.49	h
380	Waveform 1	1	1874.762625621	1875.011396862	0.000	11025.000	0.2488	11025.000		t
380	Spectrogram 1	1	1874.762625621	1875.011396862	0.000	11025.000	0.2488	11025.000	-75.57	t
381	Waveform 1	1	1876.186029843	1877.477477067	0.000	11025.000	1.2914	11025.000		mo
381	Spectrogram 1	1	1876.186029843	1877.477477067	0.000	11025.000	1.2914	11025.000	-63.93	mo
382	Waveform 1	1	1879.318384328	1879.484952898	0.000	11025.000	0.1666	11025.000		t
382	Spectrogram 1	1	1879.318384328	1879.484952898	0.000	11025.000	0.1666	11025.000	-75.34	t
383	Waveform 1	1	1880.646606431	1880.787216263	0.000	11025.000	0.1406	11025.000		h
383	Spectrogram 1	1	1880.646606431	1880.787216263	0.000	11025.000	0.1406	11025.000	-78.19	h
384	Waveform 1	1	1881.178760643	1881.293411736	0.000	11025.000	0.1147	11025.000		sh
384	Spectrogram 1	1	1881.178760643	1881.293411736	0.000	11025.000	0.1147	11025.000	-76.90	sh
385	Waveform 1	1	1881.784464533	1882.063520969	0.000	11025.000	0.2791	11025.000		h
385	Spectrogram 1	1	1881.784464533	1882.063520969	0.000	11025.000	0.2791	11025.000	-77.94	h
386	Waveform 1	1	1885.821048398	1886.084962236	0.000	11025.000	0.2639	11025.000		h
386	Spectrogram 1	1	1885.821048398	1886.084962236	0.000	11025.000	0.2639	11025.000	-76.97	h
387	Waveform 1	1	1887.432653472	1887.480244492	0.000	11025.000	0.0476	11025.000		cl
387	Spectrogram 1	1	1887.432653472	1887.480244492	0.000	11025.000	0.0476	11025.000	-76.84	cl
388	Waveform 1	1	1888.027541222	1888.090274839	0.000	11025.000	0.0627	11025.000		b
388	Spectrogram 1	1	1888.027541222	1888.090274839	0.000	11025.000	0.0627	11025.000	-75.95	b
389	Waveform 1	1	1890.746719124	1891.056060754	0.000	11025.000	0.3093	11025.000		t
389	Spectrogram 1	1	1890.746719124	1891.056060754	0.000	11025.000	0.3093	11025.000	-76.67	t
390	Waveform 1	1	1891.239935150	1891.330790733	0.000	11025.000	0.0909	11025.000		sh
390	Spectrogram 1	1	1891.239935150	1891.330790733	0.000	11025.000	0.0909	11025.000	-80.15	sh
391	Waveform 1	1	1896.122341391	1896.211033746	0.000	11025.000	0.0887	11025.000		sh
391	Spectrogram 1	1	1896.122341391	1896.211033746	0.000	11025.000	0.0887	11025.000	-70.47	sh
392	Waveform 1	1	1896.258624766	1896.355970034	0.000	11025.000	0.0973	11025.000		sh
392	Spectrogram 1	1	1896.258624766	1896.355970034	0.000	11025.000	0.0973	11025.000	-75.29	sh
393	Waveform 1	1	1899.339061775	1899.559711049	0.000	11025.000	0.2206	11025.000		h
393	Spectrogram 1	1	1899.339061775	1899.559711049	0.000	11025.000	0.2206	11025.000	-78.46	h
394	Waveform 1	1	1899.670035686	1899.763054498	0.000	11025.000	0.0930	11025.000		sh
394	Spectrogram 1	1	1899.670035686	1899.763054498	0.000	11025.000	0.0930	11025.000	-76.11	sh
395	Waveform 1	1	1900.377411302	1900.448797832	0.000	11025.000	0.0714	11025.000		b
395	Spectrogram 1	1	1900.377411302	1900.448797832	0.000	11025.000	0.0714	11025.000	-70.92	b
396	Waveform 1	1	1900.548306328	1900.706221985	0.000	11025.000	0.1579	11025.000		se
396	Spectrogram 1	1	1900.548306328	1900.706221985	0.000	11025.000	0.1579	11025.000	-72.84	se
397	Waveform 1	1	1901.947915040	1902.116646838	0.000	11025.000	0.1687	11025.000		h
397	Spectrogram 1	1	1901.947915040	1902.116646838	0.000	11025.000	0.1687	11025.000	-76.03	h
398	Waveform 1	1	1905.577812007	1905.616750114	0.000	11025.000	0.0389	11025.000		cl
398	Spectrogram 1	1	1905.577812007	1905.616750114	0.000	11025.000	0.0389	11025.000	-76.86	cl
399	Waveform 1	1	1906.607514039	1906.743797414	0.000	11025.000	0.1363	11025.000		t
399	Spectrogram 1	1	1906.607514039	1906.743797414	0.000	11025.000	0.1363	11025.000	-72.79	t
400	Waveform 1	1	1909.564647041	1909.720399470	0.000	11025.000	0.1558	11025.000		sh
400	Spectrogram 1	1	1909.564647041	1909.720399470	0.000	11025.000	0.1558	11025.000	-73.46	sh
401	Waveform 1	1	1909.724725927	1910.122759912	0.000	11025.000	0.3980	11025.000		h
401	Spectrogram 1	1	1909.724725927	1910.122759912	0.000	11025.000	0.3980	11025.000	-74.37	h
402	Waveform 1	1	1912.108603461	1912.396312809	0.000	11025.000	0.2877	11025.000		mo
402	Spectrogram 1	1	1912.108603461	1912.396312809	0.000	11025.000	0.2877	11025.000	-78.73	mo
403	Waveform 1	1	1913.185891095	1913.341643524	0.000	11025.000	0.1558	11025.000		h
403	Spectrogram 1	1	1913.185891095	1913.341643524	0.000	11025.000	0.1558	11025.000	-77.39	h
404	Waveform 1	1	1915.569768630	1915.738500428	0.000	11025.000	0.1687	11025.000		h
404	Spectrogram 1	1	1915.569768630	1915.738500428	0.000	11025.000	0.1687	11025.000	-76.26	h
405	Waveform 1	1	1917.851974439	1918.159152841	0.000	11025.000	0.3072	11025.000		t
405	Spectrogram 1	1	1917.851974439	1918.159152841	0.000	11025.000	0.3072	11025.000	-77.57	t
406	Waveform 1	1	1919.335949050	1920.030345297	0.000	11025.000	0.6944	11025.000		mo
406	Spectrogram 1	1	1919.335949050	1920.030345297	0.000	11025.000	0.6944	11025.000	-44.63	mo
407	Waveform 1	1	1919.712350754	1920.378625034	0.000	11025.000	0.6663	11025.000		mo
407	Spectrogram 1	1	1919.712350754	1920.378625034	0.000	11025.000	0.6663	11025.000	-44.65	mo
408	Waveform 1	1	1920.750700281	1922.133003089	0.000	11025.000	1.3823	11025.000		mo
408	Spectrogram 1	1	1920.750700281	1922.133003089	0.000	11025.000	1.3823	11025.000	-53.79	mo
409	Waveform 1	1	1924.149118444	1924.214015290	0.000	11025.000	0.0649	11025.000		pc
409	Spectrogram 1	1	1924.149118444	1924.214015290	0.000	11025.000	0.0649	11025.000	-59.62	pc
410	Waveform 1	1	1924.268095994	1924.837025006	0.000	11025.000	0.5689	11025.000		mo
410	Spectrogram 1	1	1924.268095994	1924.837025006	0.000	11025.000	0.5689	11025.000	-34.20	mo
411	Waveform 1	1	1924.720210684	1925.222079622	0.000	11025.000	0.5019	11025.000		mo
411	Spectrogram 1	1	1924.720210684	1925.222079622	0.000	11025.000	0.5019	11025.000	-45.54	mo
412	Waveform 1	1	1927.422082761	1927.586488103	0.000	11025.000	0.1644	11025.000		h
412	Spectrogram 1	1	1927.422082761	1927.586488103	0.000	11025.000	0.1644	11025.000	-79.93	h
413	Waveform 1	1	1930.411664186	1930.716679360	0.000	11025.000	0.3050	11025.000		t
413	Spectrogram 1	1	1930.411664186	1930.716679360	0.000	11025.000	0.3050	11025.000	-74.85	t
414	Waveform 1	1	1936.196136579	1936.250217283	0.000	11025.000	0.0541	11025.000		ca
414	Spectrogram 1	1	1936.196136579	1936.250217283	0.000	11025.000	0.0541	11025.000	-76.47	ca
415	Waveform 1	1	1936.258870196	1936.576864739	0.000	11025.000	0.3180	11025.000		t
415	Spectrogram 1	1	1936.258870196	1936.576864739	0.000	11025.000	0.3180	11025.000	-75.08	t
416	Waveform 1	1	1936.286992162	1936.347562552	0.000	11025.000	0.0606	11025.000		ca
416	Spectrogram 1	1	1936.286992162	1936.347562552	0.000	11025.000	0.0606	11025.000	-73.10	ca
417	Waveform 1	1	1936.382174202	1936.442744592	0.000	11025.000	0.0606	11025.000		ca
417	Spectrogram 1	1	1936.382174202	1936.442744592	0.000	11025.000	0.0606	11025.000	-73.89	ca
418	Waveform 1	1	1936.486009155	1936.537926631	0.000	11025.000	0.0519	11025.000		ca
418	Spectrogram 1	1	1936.486009155	1936.537926631	0.000	11025.000	0.0519	11025.000	-76.08	ca
419	Waveform 1	1	1940.288964376	1940.412268383	0.000	11025.000	0.1233	11025.000		p3
419	Spectrogram 1	1	1940.288964376	1940.412268383	0.000	11025.000	0.1233	11025.000	-58.23	p3
420	Waveform 1	1	1942.692310964	1942.904307326	0.000	11025.000	0.2120	11025.000		h
420	Spectrogram 1	1	1942.692310964	1942.904307326	0.000	11025.000	0.2120	11025.000	-79.20	h
421	Waveform 1	1	1954.680921938	1955.338543305	0.000	11025.000	0.6576	11025.000		mo
421	Spectrogram 1	1	1954.680921938	1955.338543305	0.000	11025.000	0.6576	11025.000	-55.71	mo
422	Waveform 1	1	1957.847888074	1958.007966960	0.000	11025.000	0.1601	11025.000		t
422	Spectrogram 1	1	1957.847888074	1958.007966960	0.000	11025.000	0.1601	11025.000	-77.22	t
423	Waveform 1	1	1964.826462344	1964.995194143	0.000	11025.000	0.1687	11025.000		h
423	Spectrogram 1	1	1964.826462344	1964.995194143	0.000	11025.000	0.1687	11025.000	-70.86	h
424	Waveform 1	1	1964.995194143	1965.196374363	0.000	11025.000	0.2012	11025.000		t
424	Spectrogram 1	1	1964.995194143	1965.196374363	0.000	11025.000	0.2012	11025.000	-73.61	t
425	Waveform 1	1	1968.876025657	1968.966881241	0.000	11025.000	0.0909	11025.000		sh
425	Spectrogram 1	1	1968.876025657	1968.966881241	0.000	11025.000	0.0909	11025.000	-79.30	sh
426	Waveform 1	1	1976.676626715	1976.776135211	0.000	11025.000	0.0995	11025.000		sh
426	Spectrogram 1	1	1976.676626715	1976.776135211	0.000	11025.000	0.0995	11025.000	-76.99	sh
427	Waveform 1	1	1979.229236047	1979.365519423	0.000	11025.000	0.1363	11025.000		h
427	Spectrogram 1	1	1979.229236047	1979.365519423	0.000	11025.000	0.1363	11025.000	-76.96	h
428	Waveform 1	1	1979.393641389	1979.462864691	0.000	11025.000	0.0692	11025.000		sh
428	Spectrogram 1	1	1979.393641389	1979.462864691	0.000	11025.000	0.0692	11025.000	-79.85	sh
429	Waveform 1	1	1979.927958750	1980.010161421	0.000	11025.000	0.0822	11025.000		sh
429	Spectrogram 1	1	1979.927958750	1980.010161421	0.000	11025.000	0.0822	11025.000	-78.08	sh
430	Waveform 1	1	1981.520094770	1981.941924265	0.000	11025.000	0.4218	11025.000		mo
430	Spectrogram 1	1	1981.520094770	1981.941924265	0.000	11025.000	0.4218	11025.000	-53.68	mo
431	Waveform 1	1	1987.639867452	1988.007616243	0.000	11025.000	0.3677	11025.000		h
431	Spectrogram 1	1	1987.639867452	1988.007616243	0.000	11025.000	0.3677	11025.000	-73.08	h
432	Waveform 1	1	1989.764157604	1989.872319014	0.000	11025.000	0.1082	11025.000		sh
432	Spectrogram 1	1	1989.764157604	1989.872319014	0.000	11025.000	0.1082	11025.000	-74.27	sh
433	Waveform 1	1	1989.904767436	1989.999949476	0.000	11025.000	0.0952	11025.000		sh
433	Spectrogram 1	1	1989.904767436	1989.999949476	0.000	11025.000	0.0952	11025.000	-76.61	sh
434	Waveform 1	1	1990.289822053	1990.495328730	0.000	11025.000	0.2055	11025.000		h
434	Spectrogram 1	1	1990.289822053	1990.495328730	0.000	11025.000	0.2055	11025.000	-79.71	h
435	Waveform 1	1	1992.533089755	1992.716964151	0.000	11025.000	0.1839	11025.000		t
435	Spectrogram 1	1	1992.533089755	1992.716964151	0.000	11025.000	0.1839	11025.000	-79.10	t
436	Waveform 1	1	1993.744497537	1993.917555791	0.000	11025.000	0.1731	11025.000		t
436	Spectrogram 1	1	1993.744497537	1993.917555791	0.000	11025.000	0.1731	11025.000	-73.02	t
437	Waveform 1	1	1996.437717847	1997.292192979	0.000	11025.000	0.8545	11025.000		mo
437	Spectrogram 1	1	1996.437717847	1997.292192979	0.000	11025.000	0.8545	11025.000	-49.17	mo
438	Waveform 1	1	2000.783643342	2000.865846013	0.000	11025.000	0.0822	11025.000		b
438	Spectrogram 1	1	2000.783643342	2000.865846013	0.000	11025.000	0.0822	11025.000	-46.50	b
439	Waveform 1	1	2002.282760550	2002.364963221	0.000	11025.000	0.0822	11025.000		b
439	Spectrogram 1	1	2002.282760550	2002.364963221	0.000	11025.000	0.0822	11025.000	-46.62	b
440	Waveform 1	1	2005.473522196	2005.540582270	0.000	11025.000	0.0671	11025.000		b
440	Spectrogram 1	1	2005.473522196	2005.540582270	0.000	11025.000	0.0671	11025.000	-42.46	b
441	Waveform 1	1	2006.425342596	2006.490239442	0.000	11025.000	0.0649	11025.000		b
441	Spectrogram 1	1	2006.425342596	2006.490239442	0.000	11025.000	0.0649	11025.000	-59.96	b
442	Waveform 1	1	2006.550809831	2006.630849273	0.000	11025.000	0.0800	11025.000		b
442	Spectrogram 1	1	2006.550809831	2006.630849273	0.000	11025.000	0.0800	11025.000	-44.62	b
443	Waveform 1	1	2023.655455611	2023.964797240	0.000	11025.000	0.3093	11025.000		mo
443	Spectrogram 1	1	2023.655455611	2023.964797240	0.000	11025.000	0.3093	11025.000	-35.50	mo
444	Waveform 1	1	2025.269223834	2025.461751142	0.000	11025.000	0.1925	11025.000		t
444	Spectrogram 1	1	2025.269223834	2025.461751142	0.000	11025.000	0.1925	11025.000	-75.06	t
445	Waveform 1	1	2026.781320411	2026.826748203	0.000	11025.000	0.0454	11025.000		cl
445	Spectrogram 1	1	2026.781320411	2026.826748203	0.000	11025.000	0.0454	11025.000	-68.08	cl
446	Waveform 1	1	2026.898134733	2026.963031578	0.000	11025.000	0.0649	11025.000		l
446	Spectrogram 1	1	2026.898134733	2026.963031578	0.000	11025.000	0.0649	11025.000	-70.28	l
447	Waveform 1	1	2028.604921847	2029.188993456	0.000	11025.000	0.5841	11025.000		mo
447	Spectrogram 1	1	2028.604921847	2029.188993456	0.000	11025.000	0.5841	11025.000	-38.56	mo
448	Waveform 1	1	2044.662565108	2045.363451039	0.000	11025.000	0.7009	11025.000		mo
448	Spectrogram 1	1	2044.662565108	2045.363451039	0.000	11025.000	0.7009	11025.000	-27.84	mo
449	Waveform 1	1	2056.266120278	2056.936721014	0.000	11025.000	0.6706	11025.000		w
449	Spectrogram 1	1	2056.266120278	2056.936721014	0.000	11025.000	0.6706	11025.000	-46.05	w
450	Waveform 1	1	2056.954027329	2057.252552818	0.000	11025.000	0.2985	11025.000		mo
450	Spectrogram 1	1	2056.954027329	2057.252552818	0.000	11025.000	0.2985	11025.000	-77.79	mo
451	Waveform 1	1	2057.343408402	2057.670055857	0.000	11025.000	0.3266	11025.000		mo
451	Spectrogram 1	1	2057.343408402	2057.670055857	0.000	11025.000	0.3266	11025.000	-59.23	mo
452	Waveform 1	1	2057.778217267	2057.940459380	0.000	11025.000	0.1622	11025.000		mo
452	Spectrogram 1	1	2057.778217267	2057.940459380	0.000	11025.000	0.1622	11025.000	-80.52	mo
453	Waveform 1	1	2057.992376856	2058.392574070	0.000	11025.000	0.4002	11025.000		mo
453	Spectrogram 1	1	2057.992376856	2058.392574070	0.000	11025.000	0.4002	11025.000	-76.91	mo
454	Waveform 1	1	2058.874973954	2059.171336215	0.000	11025.000	0.2964	11025.000		mo
454	Spectrogram 1	1	2058.874973954	2059.171336215	0.000	11025.000	0.2964	11025.000	-60.96	mo
455	Waveform 1	1	2059.045868981	2059.474188161	0.000	11025.000	0.4283	11025.000		mo
455	Spectrogram 1	1	2059.045868981	2059.474188161	0.000	11025.000	0.4283	11025.000	-60.57	mo
456	Waveform 1	1	2062.429158014	2062.556788476	0.000	11025.000	0.1276	11025.000		p2
456	Spectrogram 1	1	2062.429158014	2062.556788476	0.000	11025.000	0.1276	11025.000	-64.85	p2
457	Waveform 1	1	2063.073800012	2063.616770285	0.000	11025.000	0.5430	11025.000		mo
457	Spectrogram 1	1	2063.073800012	2063.616770285	0.000	11025.000	0.5430	11025.000	-54.14	mo
458	Waveform 1	1	2065.580981552	2065.637225485	0.000	11025.000	0.0562	11025.000		cl
458	Spectrogram 1	1	2065.580981552	2065.637225485	0.000	11025.000	0.0562	11025.000	-69.32	cl
459	Waveform 1	1	2065.721591384	2066.108809229	0.000	11025.000	0.3872	11025.000		mo
459	Spectrogram 1	1	2065.721591384	2066.108809229	0.000	11025.000	0.3872	11025.000	-39.81	mo
460	Waveform 1	1	2067.960531522	2068.010285770	0.000	11025.000	0.0498	11025.000		cl
460	Spectrogram 1	1	2067.960531522	2068.010285770	0.000	11025.000	0.0498	11025.000	-67.32	cl
461	Waveform 1	1	2071.562306522	2071.908423031	0.000	11025.000	0.3461	11025.000		pu
461	Spectrogram 1	1	2071.562306522	2071.908423031	0.000	11025.000	0.3461	11025.000	-72.63	pu
462	Waveform 1	1	2082.345999320	2082.938723842	0.000	11025.000	0.5927	11025.000		mo
462	Spectrogram 1	1	2082.345999320	2082.938723842	0.000	11025.000	0.5927	11025.000	-39.51	mo
463	Waveform 1	1	2085.374517823	2085.718471103	0.000	11025.000	0.3440	11025.000		w
463	Spectrogram 1	1	2085.374517823	2085.718471103	0.000	11025.000	0.3440	11025.000	-77.33	w
464	Waveform 1	1	2090.025457382	2090.148761389	0.000	11025.000	0.1233	11025.000		h
464	Spectrogram 1	1	2090.025457382	2090.148761389	0.000	11025.000	0.1233	11025.000	-75.64	h
465	Waveform 1	1	2090.644140642	2091.033521715	0.000	11025.000	0.3894	11025.000		t
465	Spectrogram 1	1	2090.644140642	2091.033521715	0.000	11025.000	0.3894	11025.000	-80.04	t
466	Waveform 1	1	2094.152896047	2094.524971294	0.000	11025.000	0.3721	11025.000		mo
466	Spectrogram 1	1	2094.152896047	2094.524971294	0.000	11025.000	0.3721	11025.000	-74.63	mo
467	Waveform 1	1	2095.474628466	2095.825071431	0.000	11025.000	0.3504	11025.000		w
467	Spectrogram 1	1	2095.474628466	2095.825071431	0.000	11025.000	0.3504	11025.000	-73.23	w
468	Waveform 1	1	2099.121830228	2099.206196127	0.000	11025.000	0.0844	11025.000		p2
468	Spectrogram 1	1	2099.121830228	2099.206196127	0.000	11025.000	0.0844	11025.000	-68.90	p2
469	Waveform 1	1	2099.273256200	2100.071487399	0.000	11025.000	0.7982	11025.000		w
469	Spectrogram 1	1	2099.273256200	2100.071487399	0.000	11025.000	0.7982	11025.000	-56.61	w
470	Waveform 1	1	2104.064806779	2104.400107147	0.000	11025.000	0.3353	11025.000		d
470	Spectrogram 1	1	2104.064806779	2104.400107147	0.000	11025.000	0.3353	11025.000	-66.60	d
471	Waveform 1	1	2105.183195749	2105.544454855	0.000	11025.000	0.3613	11025.000		mo
471	Spectrogram 1	1	2105.183195749	2105.544454855	0.000	11025.000	0.3613	11025.000	-71.58	mo
472	Waveform 1	1	2106.383787390	2106.422725497	0.000	11025.000	0.0389	11025.000		cl
472	Spectrogram 1	1	2106.383787390	2106.422725497	0.000	11025.000	0.0389	11025.000	-73.38	cl
473	Waveform 1	1	2107.980249866	2108.038657027	0.000	11025.000	0.0584	11025.000		m
473	Spectrogram 1	1	2107.980249866	2108.038657027	0.000	11025.000	0.0584	11025.000	-65.33	m
474	Waveform 1	1	2108.123022926	2108.183593315	0.000	11025.000	0.0606	11025.000		l
474	Spectrogram 1	1	2108.123022926	2108.183593315	0.000	11025.000	0.0606	11025.000	-75.52	l
475	Waveform 1	1	2108.559995019	2108.849867595	0.000	11025.000	0.2899	11025.000		p2
475	Spectrogram 1	1	2108.559995019	2108.849867595	0.000	11025.000	0.2899	11025.000	-65.59	p2
476	Waveform 1	1	2108.971008373	2109.682710445	0.000	11025.000	0.7117	11025.000		mo
476	Spectrogram 1	1	2108.971008373	2109.682710445	0.000	11025.000	0.7117	11025.000	-52.60	mo
477	Waveform 1	1	2125.870145258	2125.982633123	0.000	11025.000	0.1125	11025.000		h
477	Spectrogram 1	1	2125.870145258	2125.982633123	0.000	11025.000	0.1125	11025.000	-74.49	h
478	Waveform 1	1	2129.110660043	2129.225311137	0.000	11025.000	0.1147	11025.000		h
478	Spectrogram 1	1	2129.110660043	2129.225311137	0.000	11025.000	0.1147	11025.000	-75.70	h
479	Waveform 1	1	2136.720897021	2136.826895202	0.000	11025.000	0.1060	11025.000		sh
479	Spectrogram 1	1	2136.720897021	2136.826895202	0.000	11025.000	0.1060	11025.000	-76.95	sh
480	Waveform 1	1	2139.271343125	2139.366525165	0.000	11025.000	0.0952	11025.000		sh
480	Spectrogram 1	1	2139.271343125	2139.366525165	0.000	11025.000	0.0952	11025.000	-76.88	sh
481	Waveform 1	1	2143.013727958	2143.160827474	0.000	11025.000	0.1471	11025.000		h
481	Spectrogram 1	1	2143.013727958	2143.160827474	0.000	11025.000	0.1471	11025.000	-76.24	h
482	Waveform 1	1	2145.075283384	2145.224546129	0.000	11025.000	0.1493	11025.000		h
482	Spectrogram 1	1	2145.075283384	2145.224546129	0.000	11025.000	0.1493	11025.000	-78.67	h
483	Waveform 1	1	2147.411568790	2147.550015394	0.000	11025.000	0.1384	11025.000		h
483	Spectrogram 1	1	2147.411568790	2147.550015394	0.000	11025.000	0.1384	11025.000	-74.31	h
484	Waveform 1	1	2148.529957760	2148.830646477	0.000	11025.000	0.3007	11025.000		p2
484	Spectrogram 1	1	2148.529957760	2148.830646477	0.000	11025.000	0.3007	11025.000	-75.95	p2
485	Waveform 1	1	2150.260540383	2150.405476672	0.000	11025.000	0.1449	11025.000		h
485	Spectrogram 1	1	2150.260540383	2150.405476672	0.000	11025.000	0.1449	11025.000	-76.77	h
486	Waveform 1	1	2150.167521572	2150.762409321	0.000	11025.000	0.5949	11025.000		mo
486	Spectrogram 1	1	2150.167521572	2150.762409321	0.000	11025.000	0.5949	11025.000	-78.07	mo
487	Waveform 1	1	2151.800758927	2151.887288054	0.000	11025.000	0.0865	11025.000		sh
487	Spectrogram 1	1	2151.800758927	2151.887288054	0.000	11025.000	0.0865	11025.000	-79.16	sh
488	Waveform 1	1	2159.999391753	2160.133511900	0.000	11025.000	0.1341	11025.000		h
488	Spectrogram 1	1	2159.999391753	2160.133511900	0.000	11025.000	0.1341	11025.000	-75.75	h
489	Waveform 1	1	2162.350820864	2162.417880938	0.000	11025.000	0.0671	11025.000		sh
489	Spectrogram 1	1	2162.350820864	2162.417880938	0.000	11025.000	0.0671	11025.000	-78.97	sh
490	Waveform 1	1	2162.495757152	2162.571470139	0.000	11025.000	0.0757	11025.000		sh
490	Spectrogram 1	1	2162.495757152	2162.571470139	0.000	11025.000	0.0757	11025.000	-79.77	sh
491	Waveform 1	1	2168.779932959	2168.922706019	0.000	11025.000	0.1428	11025.000		h
491	Spectrogram 1	1	2168.779932959	2168.922706019	0.000	11025.000	0.1428	11025.000	-76.14	h
492	Waveform 1	1	2170.549452581	2170.681409500	0.000	11025.000	0.1320	11025.000		sh
492	Spectrogram 1	1	2170.549452581	2170.681409500	0.000	11025.000	0.1320	11025.000	-74.55	sh
493	Waveform 1	1	2171.070790573	2171.670004779	0.000	11025.000	0.5992	11025.000		t
493	Spectrogram 1	1	2171.070790573	2171.670004779	0.000	11025.000	0.5992	11025.000	-70.71	t
494	Waveform 1	1	2171.269807565	2171.670004779	0.000	11025.000	0.4002	11025.000		mo
494	Spectrogram 1	1	2171.269807565	2171.670004779	0.000	11025.000	0.4002	11025.000	-71.64	mo
495	Waveform 1	1	2171.964202577	2173.184263271	0.000	11025.000	1.2201	11025.000		mo
495	Spectrogram 1	1	2171.964202577	2173.184263271	0.000	11025.000	1.2201	11025.000	-57.01	mo
496	Waveform 1	1	2179.143957068	2179.736681589	0.000	11025.000	0.5927	11025.000		w
496	Spectrogram 1	1	2179.143957068	2179.736681589	0.000	11025.000	0.5927	11025.000	-70.17	w
497	Waveform 1	1	2181.376408629	2181.815543950	0.000	11025.000	0.4391	11025.000		t
497	Spectrogram 1	1	2181.376408629	2181.815543950	0.000	11025.000	0.4391	11025.000	-64.29	t
498	Waveform 1	1	2183.466087131	2183.507188467	0.000	11025.000	0.0411	11025.000		cl
498	Spectrogram 1	1	2183.466087131	2183.507188467	0.000	11025.000	0.0411	11025.000	-66.43	cl
499	Waveform 1	1	2187.822826628	2188.171106365	0.000	11025.000	0.3483	11025.000		t
499	Spectrogram 1	1	2187.822826628	2188.171106365	0.000	11025.000	0.3483	11025.000	-61.55	t
500	Waveform 1	1	2188.324695566	2188.404735009	0.000	11025.000	0.0800	11025.000		b
500	Spectrogram 1	1	2188.324695566	2188.404735009	0.000	11025.000	0.0800	11025.000	-69.15	b
501	Waveform 1	1	2195.359513769	2195.716446419	0.000	11025.000	0.3569	11025.000		t
501	Spectrogram 1	1	2195.359513769	2195.716446419	0.000	11025.000	0.3569	11025.000	-73.12	t
502	Waveform 1	1	2199.056469779	2199.160304732	0.000	11025.000	0.1038	11025.000		sq
502	Spectrogram 1	1	2199.056469779	2199.160304732	0.000	11025.000	0.1038	11025.000	-62.67	sq
503	Waveform 1	1	2207.631504308	2208.051170575	0.000	11025.000	0.4197	11025.000		h
503	Spectrogram 1	1	2207.631504308	2208.051170575	0.000	11025.000	0.4197	11025.000	-71.82	h
504	Waveform 1	1	2214.099555697	2214.514895508	0.000	11025.000	0.4153	11025.000		t
504	Spectrogram 1	1	2214.099555697	2214.514895508	0.000	11025.000	0.4153	11025.000	-64.23	t
505	Waveform 1	1	2217.292479752	2217.934958521	0.000	11025.000	0.6425	11025.000		mo
505	Spectrogram 1	1	2217.292479752	2217.934958521	0.000	11025.000	0.6425	11025.000	-62.73	mo
506	Waveform 1	1	2239.273036466	2239.450421176	0.000	11025.000	0.1774	11025.000		h
506	Spectrogram 1	1	2239.273036466	2239.450421176	0.000	11025.000	0.1774	11025.000	-76.39	h
507	Waveform 1	1	2245.371176866	2245.710803690	0.000	11025.000	0.3396	11025.000		t
507	Spectrogram 1	1	2245.371176866	2245.710803690	0.000	11025.000	0.3396	11025.000	-47.08	t
508	Waveform 1	1	2254.830971721	2255.116517841	0.000	11025.000	0.2855	11025.000		t
508	Spectrogram 1	1	2254.830971721	2255.116517841	0.000	11025.000	0.2855	11025.000	-49.32	t
509	Waveform 1	1	2258.002264392	2258.294300196	0.000	11025.000	0.2920	11025.000		t
509	Spectrogram 1	1	2258.002264392	2258.294300196	0.000	11025.000	0.2920	11025.000	-71.24	t
510	Waveform 1	1	2260.474834282	2261.074048488	0.000	11025.000	0.5992	11025.000		mo
510	Spectrogram 1	1	2260.474834282	2261.074048488	0.000	11025.000	0.5992	11025.000	-70.02	mo
511	Waveform 1	1	2261.757628593	2261.980441096	0.000	11025.000	0.2228	11025.000		mo
511	Spectrogram 1	1	2261.757628593	2261.980441096	0.000	11025.000	0.2228	11025.000	-38.33	mo
512	Waveform 1	1	2261.725180171	2262.218396196	0.000	11025.000	0.4932	11025.000		mo
512	Spectrogram 1	1	2261.725180171	2262.218396196	0.000	11025.000	0.4932	11025.000	-41.87	mo
513	Waveform 1	1	2266.410730351	2266.845539215	0.000	11025.000	0.4348	11025.000		t
513	Spectrogram 1	1	2266.410730351	2266.845539215	0.000	11025.000	0.4348	11025.000	-60.43	t
514	Waveform 1	1	2269.181825730	2269.283497454	0.000	11025.000	0.1017	11025.000		sh
514	Spectrogram 1	1	2269.181825730	2269.283497454	0.000	11025.000	0.1017	11025.000	-76.02	sh
515	Waveform 1	1	2276.298846682	2276.649289648	0.000	11025.000	0.3504	11025.000		t
515	Spectrogram 1	1	2276.298846682	2276.649289648	0.000	11025.000	0.3504	11025.000	-66.94	t
516	Waveform 1	1	2280.809177519	2281.092560411	0.000	11025.000	0.2834	11025.000		w
516	Spectrogram 1	1	2280.809177519	2281.092560411	0.000	11025.000	0.2834	11025.000	-55.04	w
517	Waveform 1	1	2284.162180248	2284.335238503	0.000	11025.000	0.1731	11025.000		t
517	Spectrogram 1	1	2284.162180248	2284.335238503	0.000	11025.000	0.1731	11025.000	-60.19	t
518	Waveform 1	1	2292.440854734	2292.912438477	0.000	11025.000	0.4716	11025.000		t
518	Spectrogram 1	1	2292.440854734	2292.912438477	0.000	11025.000	0.4716	11025.000	-64.31	t
519	Waveform 1	1	2300.128966817	2300.234964998	0.000	11025.000	0.1060	11025.000		b
519	Spectrogram 1	1	2300.128966817	2300.234964998	0.000	11025.000	0.1060	11025.000	-68.42	b
520	Waveform 1	1	2302.142925806	2302.549612705	0.000	11025.000	0.4067	11025.000		mo
520	Spectrogram 1	1	2302.142925806	2302.549612705	0.000	11025.000	0.4067	11025.000	-76.64	mo
521	Waveform 1	1	2303.088256600	2303.127194708	0.000	11025.000	0.0389	11025.000		cl
521	Spectrogram 1	1	2303.088256600	2303.127194708	0.000	11025.000	0.0389	11025.000	-62.56	cl
522	Waveform 1	1	2303.321885244	2303.417067284	0.000	11025.000	0.0952	11025.000		ud
522	Spectrogram 1	1	2303.321885244	2303.417067284	0.000	11025.000	0.0952	11025.000	-37.45	ud
523	Waveform 1	1	2312.749232785	2313.199184247	0.000	11025.000	0.4500	11025.000		t
523	Spectrogram 1	1	2312.749232785	2313.199184247	0.000	11025.000	0.4500	11025.000	-62.84	t
524	Waveform 1	1	2315.641469021	2315.994075214	0.000	11025.000	0.3526	11025.000		t
524	Spectrogram 1	1	2315.641469021	2315.994075214	0.000	11025.000	0.3526	11025.000	-64.36	t
525	Waveform 1	1	2319.851111140	2319.894375704	0.000	11025.000	0.0433	11025.000		e
525	Spectrogram 1	1	2319.851111140	2319.894375704	0.000	11025.000	0.0433	11025.000	-66.60	e
526	Waveform 1	1	2324.075894827	2324.363604175	0.000	11025.000	0.2877	11025.000		t
526	Spectrogram 1	1	2324.075894827	2324.363604175	0.000	11025.000	0.2877	11025.000	-52.00	t
527	Waveform 1	1	2330.483376857	2330.691046762	0.000	11025.000	0.2077	11025.000		t
527	Spectrogram 1	1	2330.483376857	2330.691046762	0.000	11025.000	0.2077	11025.000	-59.16	t
528	Waveform 1	1	2332.653094801	2332.908355727	0.000	11025.000	0.2553	11025.000		h
528	Spectrogram 1	1	2332.653094801	2332.908355727	0.000	11025.000	0.2553	11025.000	-55.18	h
529	Waveform 1	1	2335.530187252	2335.763815896	0.000	11025.000	0.2336	11025.000		h
529	Spectrogram 1	1	2335.530187252	2335.763815896	0.000	11025.000	0.2336	11025.000	-58.57	h
530	Waveform 1	1	2335.724877789	2335.848181795	0.000	11025.000	0.1233	11025.000		sh
530	Spectrogram 1	1	2335.724877789	2335.848181795	0.000	11025.000	0.1233	11025.000	-67.77	sh
531	Waveform 1	1	2339.508362926	2339.774439992	0.000	11025.000	0.2661	11025.000		h
531	Spectrogram 1	1	2339.508362926	2339.774439992	0.000	11025.000	0.2661	11025.000	-69.85	h
532	Waveform 1	1	2346.447999089	2346.724892296	0.000	11025.000	0.2769	11025.000		h
532	Spectrogram 1	1	2346.447999089	2346.724892296	0.000	11025.000	0.2769	11025.000	-69.79	h
533	Waveform 1	1	2352.775440646	2352.857643317	0.000	11025.000	0.0822	11025.000		b
533	Spectrogram 1	1	2352.775440646	2352.857643317	0.000	11025.000	0.0822	11025.000	-53.38	b
534	Waveform 1	1	2353.934930952	2353.978195515	0.000	11025.000	0.0433	11025.000		pc
534	Spectrogram 1	1	2353.934930952	2353.978195515	0.000	11025.000	0.0433	11025.000	-75.87	pc
535	Waveform 1	1	2354.014970394	2354.640143339	0.000	11025.000	0.6252	11025.000		mo
535	Spectrogram 1	1	2354.014970394	2354.640143339	0.000	11025.000	0.6252	11025.000	-34.13	mo
536	Waveform 1	1	2365.488731874	2365.640157846	0.000	11025.000	0.1514	11025.000		ud
536	Spectrogram 1	1	2365.488731874	2365.640157846	0.000	11025.000	0.1514	11025.000	-40.93	ud
537	Waveform 1	1	2370.200243010	2370.529053693	0.000	11025.000	0.3288	11025.000		t
537	Spectrogram 1	1	2370.200243010	2370.529053693	0.000	11025.000	0.3288	11025.000	-39.73	t
538	Waveform 1	1	2375.370251546	2375.939180558	0.000	11025.000	0.5689	11025.000		mo
538	Spectrogram 1	1	2375.370251546	2375.939180558	0.000	11025.000	0.5689	11025.000	-38.79	mo
