Selection	View	Channel	Begin Time (s)	End Time (s)	Low Freq (Hz)	High Freq (Hz)	Delta Time (s)	Delta Freq (Hz)	Avg Power Density (dB FS/Hz)	Annotation
1	Waveform 1	1	47.350390862	47.404052441	0.000	8000.000	0.0537	8000.000		m1
1	Spectrogram 1	1	47.350390862	47.404052441	0.000	8000.000	0.0537	8000.000	-52.85	m1
2	Waveform 1	1	47.410014838	47.490507207	0.000	8000.000	0.0805	8000.000		m2
2	Spectrogram 1	1	47.410014838	47.490507207	0.000	8000.000	0.0805	8000.000	-55.97	m2
3	Waveform 1	1	47.573980774	47.639567149	0.000	8000.000	0.0656	8000.000		m3
3	Spectrogram 1	1	47.573980774	47.639567149	0.000	8000.000	0.0656	8000.000	-52.37	m3
4	Waveform 1	1	47.758815102	47.812476681	0.000	8000.000	0.0537	8000.000		m4
4	Spectrogram 1	1	47.758815102	47.812476681	0.000	8000.000	0.0537	8000.000	-51.77	m4
5	Waveform 1	1	48.036066594	48.089728173	0.000	8000.000	0.0537	8000.000		m5
5	Spectrogram 1	1	48.036066594	48.089728173	0.000	8000.000	0.0537	8000.000	-50.91	m5
6	Waveform 1	1	50.438912857	50.477668442	0.000	8000.000	0.0388	8000.000		m6
6	Spectrogram 1	1	50.438912857	50.477668442	0.000	8000.000	0.0388	8000.000	-55.65	m6
7	Waveform 1	1	50.525367623	50.573066805	0.000	8000.000	0.0477	8000.000		m7
7	Spectrogram 1	1	50.525367623	50.573066805	0.000	8000.000	0.0477	8000.000	-63.03	m7
8	Waveform 1	1	53.455852853	53.610875193	0.000	8000.000	0.1550	8000.000		sq1
8	Spectrogram 1	1	53.455852853	53.610875193	0.000	8000.000	0.1550	8000.000	-64.96	sq1
9	Waveform 1	1	53.715217152	53.950731860	0.000	8000.000	0.2355	8000.000		sq2
9	Spectrogram 1	1	53.715217152	53.950731860	0.000	8000.000	0.2355	8000.000	-63.20	sq2
10	Waveform 1	1	54.117678995	54.311456920	0.000	8000.000	0.1938	8000.000		y1
10	Spectrogram 1	1	54.117678995	54.311456920	0.000	8000.000	0.1938	8000.000	-55.54	y1
11	Waveform 1	1	68.582454151	68.853743246	0.000	8000.000	0.2713	8000.000		-h1
11	Spectrogram 1	1	68.582454151	68.853743246	0.000	8000.000	0.2713	8000.000	-65.97	-h1
12	Waveform 1	1	69.706356547	69.760018126	0.000	8000.000	0.0537	8000.000		l1
12	Spectrogram 1	1	69.706356547	69.760018126	0.000	8000.000	0.0537	8000.000	-57.64	l1
13	Waveform 1	1	69.780886518	69.843491694	0.000	8000.000	0.0626	8000.000		m8
13	Spectrogram 1	1	69.780886518	69.843491694	0.000	8000.000	0.0626	8000.000	-62.62	m8
14	Waveform 1	1	69.861378887	69.926965261	0.000	8000.000	0.0656	8000.000		m9
14	Spectrogram 1	1	69.861378887	69.926965261	0.000	8000.000	0.0656	8000.000	-59.46	m9
15	Waveform 1	1	70.049194413	70.114780788	0.000	8000.000	0.0656	8000.000		m10
15	Spectrogram 1	1	70.049194413	70.114780788	0.000	8000.000	0.0656	8000.000	-63.16	m10
16	Waveform 1	1	70.311539911	70.371163888	0.000	8000.000	0.0596	8000.000		m11
16	Spectrogram 1	1	70.311539911	70.371163888	0.000	8000.000	0.0596	8000.000	-65.11	m11
17	Waveform 1	1	70.606678596	70.660340175	0.000	8000.000	0.0537	8000.000		m12
17	Spectrogram 1	1	70.606678596	70.660340175	0.000	8000.000	0.0537	8000.000	-62.21	m12
18	Waveform 1	1	70.681208567	70.734870146	0.000	8000.000	0.0537	8000.000		m13
18	Spectrogram 1	1	70.681208567	70.734870146	0.000	8000.000	0.0537	8000.000	-62.20	m13
19	Waveform 1	1	70.931629269	70.991253246	0.000	8000.000	0.0596	8000.000		m14
19	Spectrogram 1	1	70.931629269	70.991253246	0.000	8000.000	0.0596	8000.000	-64.68	m14
20	Waveform 1	1	77.043087102	77.096748682	0.000	8000.000	0.0537	8000.000		m15
20	Spectrogram 1	1	77.043087102	77.096748682	0.000	8000.000	0.0537	8000.000	-55.65	m15
21	Waveform 1	1	77.117617073	77.177241050	0.000	8000.000	0.0596	8000.000		m16
21	Spectrogram 1	1	77.117617073	77.177241050	0.000	8000.000	0.0596	8000.000	-55.19	m16
22	Waveform 1	1	94.184985090	97.351018255	0.000	8000.000	3.1660	8000.000		fluff1
22	Spectrogram 1	1	94.184985090	97.351018255	0.000	8000.000	3.1660	8000.000	-54.75	fluff1
23	Waveform 1	1	98.337795070	98.412325041	0.000	8000.000	0.0745	8000.000		cl1
23	Spectrogram 1	1	98.337795070	98.412325041	0.000	8000.000	0.0745	8000.000	-56.84	cl1
24	Waveform 1	1	98.820749282	98.886335656	0.000	8000.000	0.0656	8000.000		cl2
24	Spectrogram 1	1	98.820749282	98.886335656	0.000	8000.000	0.0656	8000.000	-62.51	cl2
25	Waveform 1	1	135.176467802	135.426888504	0.000	8000.000	0.2504	8000.000		y2
25	Spectrogram 1	1	135.176467802	135.426888504	0.000	8000.000	0.2504	8000.000	-49.43	y2
26	Waveform 1	1	135.638553622	135.677309207	0.000	8000.000	0.0388	8000.000		m17
26	Spectrogram 1	1	135.638553622	135.677309207	0.000	8000.000	0.0388	8000.000	-56.34	m17
27	Waveform 1	1	170.959794233	171.019418210	0.000	8000.000	0.0596	8000.000		l2
27	Spectrogram 1	1	170.959794233	171.019418210	0.000	8000.000	0.0596	8000.000	-52.66	l2
28	Waveform 1	1	172.238728534	172.310277306	0.000	8000.000	0.0715	8000.000		m18
28	Spectrogram 1	1	172.238728534	172.310277306	0.000	8000.000	0.0715	8000.000	-64.59	m18
29	Waveform 1	1	174.161601609	174.221225586	0.000	8000.000	0.0596	8000.000		cl3
29	Spectrogram 1	1	174.161601609	174.221225586	0.000	8000.000	0.0596	8000.000	-52.68	cl3
30	Waveform 1	1	206.880258126	206.942863301	0.000	8000.000	0.0626	8000.000		cl4
30	Spectrogram 1	1	206.880258126	206.942863301	0.000	8000.000	0.0626	8000.000	-57.89	cl4
31	Waveform 1	1	207.232039589	207.291663565	0.000	8000.000	0.0596	8000.000		cl5
31	Spectrogram 1	1	207.232039589	207.291663565	0.000	8000.000	0.0596	8000.000	-57.40	cl5
32	Waveform 1	1	207.634501432	207.694125408	0.000	8000.000	0.0596	8000.000		cl6
32	Spectrogram 1	1	207.634501432	207.694125408	0.000	8000.000	0.0596	8000.000	-55.49	cl6
33	Waveform 1	1	229.650655496	229.868283011	0.000	8000.000	0.2176	8000.000		-t1
33	Spectrogram 1	1	229.650655496	229.868283011	0.000	8000.000	0.2176	8000.000	-67.21	-t1
34	Waveform 1	1	237.428603479	237.473321461	0.000	8000.000	0.0447	8000.000		m19
34	Spectrogram 1	1	237.428603479	237.473321461	0.000	8000.000	0.0447	8000.000	-62.45	m19
35	Waveform 1	1	237.482265058	237.562757427	0.000	8000.000	0.0805	8000.000		m20
35	Spectrogram 1	1	237.482265058	237.562757427	0.000	8000.000	0.0805	8000.000	-61.06	m20
36	Waveform 1	1	238.000993656	238.081486024	0.000	8000.000	0.0805	8000.000		m21
36	Spectrogram 1	1	238.000993656	238.081486024	0.000	8000.000	0.0805	8000.000	-58.18	m21
37	Waveform 1	1	238.251414358	238.314019534	0.000	8000.000	0.0626	8000.000		m22
37	Spectrogram 1	1	238.251414358	238.314019534	0.000	8000.000	0.0626	8000.000	-60.35	m22
38	Waveform 1	1	253.744704520	253.801347298	0.000	8000.000	0.0566	8000.000		m23
38	Spectrogram 1	1	253.744704520	253.801347298	0.000	8000.000	0.0566	8000.000	-56.99	m23
39	Waveform 1	1	254.603289786	254.800048909	0.000	8000.000	0.1968	8000.000		wa1
39	Spectrogram 1	1	254.603289786	254.800048909	0.000	8000.000	0.1968	8000.000	-50.72	wa1
40	Waveform 1	1	257.029985748	257.307237239	0.000	8000.000	0.2773	8000.000		y3
40	Spectrogram 1	1	257.029985748	257.307237239	0.000	8000.000	0.2773	8000.000	-45.83	y3
41	Waveform 1	1	258.001856569	258.058499346	0.000	8000.000	0.0566	8000.000		cl7
41	Spectrogram 1	1	258.001856569	258.058499346	0.000	8000.000	0.0566	8000.000	-64.16	cl7
42	Waveform 1	1	258.237371277	258.294014055	0.000	8000.000	0.0566	8000.000		cl8
42	Spectrogram 1	1	258.237371277	258.294014055	0.000	8000.000	0.0566	8000.000	-60.23	cl8
43	Waveform 1	1	282.608669474	282.644443860	0.000	8000.000	0.0358	8000.000		m24
43	Spectrogram 1	1	282.608669474	282.644443860	0.000	8000.000	0.0358	8000.000	-63.24	m24
44	Waveform 1	1	282.704067837	282.739842223	0.000	8000.000	0.0358	8000.000		m25
44	Spectrogram 1	1	282.704067837	282.739842223	0.000	8000.000	0.0358	8000.000	-65.36	m25
45	Waveform 1	1	282.778597808	282.823315791	0.000	8000.000	0.0447	8000.000		m26
45	Spectrogram 1	1	282.778597808	282.823315791	0.000	8000.000	0.0447	8000.000	-66.14	m26
46	Waveform 1	1	282.912751756	282.969394534	0.000	8000.000	0.0566	8000.000		m27
46	Spectrogram 1	1	282.912751756	282.969394534	0.000	8000.000	0.0566	8000.000	-64.12	m27
47	Waveform 1	1	284.713395854	284.776001029	0.000	8000.000	0.0626	8000.000		m28
47	Spectrogram 1	1	284.713395854	284.776001029	0.000	8000.000	0.0626	8000.000	-60.37	m28
48	Waveform 1	1	293.266454115	293.308190899	0.000	8000.000	0.0417	8000.000		m29
48	Spectrogram 1	1	293.266454115	293.308190899	0.000	8000.000	0.0417	8000.000	-64.54	m29
49	Waveform 1	1	293.561592800	293.612273180	0.000	8000.000	0.0507	8000.000		m30
49	Spectrogram 1	1	293.561592800	293.612273180	0.000	8000.000	0.0507	8000.000	-62.58	m30
50	Waveform 1	1	294.119076982	294.181682158	0.000	8000.000	0.0626	8000.000		m31
50	Spectrogram 1	1	294.119076982	294.181682158	0.000	8000.000	0.0626	8000.000	-61.44	m31
51	Waveform 1	1	294.256212129	294.306892509	0.000	8000.000	0.0507	8000.000		m32
51	Spectrogram 1	1	294.256212129	294.306892509	0.000	8000.000	0.0507	8000.000	-60.55	m32
52	Waveform 1	1	294.369497685	294.432102860	0.000	8000.000	0.0626	8000.000		m33
52	Spectrogram 1	1	294.369497685	294.432102860	0.000	8000.000	0.0626	8000.000	-61.48	m33
53	Waveform 1	1	294.470858445	294.536444820	0.000	8000.000	0.0656	8000.000		m34
53	Spectrogram 1	1	294.470858445	294.536444820	0.000	8000.000	0.0656	8000.000	-59.37	m34
54	Waveform 1	1	294.616937188	294.676561165	0.000	8000.000	0.0596	8000.000		m35
54	Spectrogram 1	1	294.616937188	294.676561165	0.000	8000.000	0.0596	8000.000	-65.04	m35
55	Waveform 1	1	330.814653027	330.993524957	0.000	8000.000	0.1789	8000.000		-t2
55	Spectrogram 1	1	330.814653027	330.993524957	0.000	8000.000	0.1789	8000.000	-69.54	-t2
56	Waveform 1	1	339.949044953	340.011650129	0.000	8000.000	0.0626	8000.000		cl9
56	Spectrogram 1	1	339.949044953	340.011650129	0.000	8000.000	0.0626	8000.000	-53.86	cl9
57	Waveform 1	1	345.810082084	345.860762464	0.000	8000.000	0.0507	8000.000		cl10
57	Spectrogram 1	1	345.810082084	345.860762464	0.000	8000.000	0.0507	8000.000	-52.48	cl10
58	Waveform 1	1	346.081371178	346.132051558	0.000	8000.000	0.0507	8000.000		cl11
58	Spectrogram 1	1	346.081371178	346.132051558	0.000	8000.000	0.0507	8000.000	-56.32	cl11
59	Waveform 1	1	346.269186705	346.325829483	0.000	8000.000	0.0566	8000.000		cl12
59	Spectrogram 1	1	346.269186705	346.325829483	0.000	8000.000	0.0566	8000.000	-60.94	cl12
60	Waveform 1	1	347.363286678	347.416948257	0.000	8000.000	0.0537	8000.000		cl13
60	Spectrogram 1	1	347.363286678	347.416948257	0.000	8000.000	0.0537	8000.000	-59.17	cl13
61	Waveform 1	1	347.828353697	347.893940071	0.000	8000.000	0.0656	8000.000		cl14
61	Spectrogram 1	1	347.828353697	347.893940071	0.000	8000.000	0.0656	8000.000	-60.38	cl14
62	Waveform 1	1	425.130806620	425.184468199	0.000	8000.000	0.0537	8000.000		l3
62	Spectrogram 1	1	425.130806620	425.184468199	0.000	8000.000	0.0537	8000.000	-62.69	l3
63	Waveform 1	1	425.193411795	425.256016971	0.000	8000.000	0.0626	8000.000		l4
63	Spectrogram 1	1	425.193411795	425.256016971	0.000	8000.000	0.0626	8000.000	-63.19	l4
64	Waveform 1	1	425.351415334	425.408058111	0.000	8000.000	0.0566	8000.000		m36
64	Spectrogram 1	1	425.351415334	425.408058111	0.000	8000.000	0.0566	8000.000	-61.87	m36
65	Waveform 1	1	425.747914779	425.810519954	0.000	8000.000	0.0626	8000.000		m37
65	Spectrogram 1	1	425.747914779	425.810519954	0.000	8000.000	0.0626	8000.000	-59.97	m37
66	Waveform 1	1	425.914861914	425.971504692	0.000	8000.000	0.0566	8000.000		cl15
66	Spectrogram 1	1	425.914861914	425.971504692	0.000	8000.000	0.0566	8000.000	-65.49	cl15
67	Waveform 1	1	435.600777261	438.423972560	0.000	8000.000	2.8232	8000.000		fluff2
67	Spectrogram 1	1	435.600777261	438.423972560	0.000	8000.000	2.8232	8000.000	-52.37	fluff2
68	Waveform 1	1	444.460900364	444.517543142	0.000	8000.000	0.0566	8000.000		m38
68	Spectrogram 1	1	444.460900364	444.517543142	0.000	8000.000	0.0566	8000.000	-60.90	m38
69	Waveform 1	1	458.937602351	459.697808055	0.000	8000.000	0.7602	8000.000		fluff3
69	Spectrogram 1	1	458.937602351	459.697808055	0.000	8000.000	0.7602	8000.000	-61.06	fluff3
70	Waveform 1	1	461.510385886	462.049982875	0.000	8000.000	0.5396	8000.000		mo1
70	Spectrogram 1	1	461.510385886	462.049982875	0.000	8000.000	0.5396	8000.000	-49.52	mo1
71	Waveform 1	1	462.592561063	463.108308462	0.000	8000.000	0.5157	8000.000		mo2
71	Spectrogram 1	1	462.592561063	463.108308462	0.000	8000.000	0.5157	8000.000	-54.21	mo2
72	Waveform 1	1	465.062484040	465.706422989	0.000	8000.000	0.6439	8000.000		mo3
72	Spectrogram 1	1	465.062484040	465.706422989	0.000	8000.000	0.6439	8000.000	-34.40	mo3
73	Waveform 1	1	465.148938806	465.891257317	0.000	8000.000	0.7423	8000.000		-mo4
73	Spectrogram 1	1	465.148938806	465.891257317	0.000	8000.000	0.7423	8000.000	-35.23	-mo4
74	Waveform 1	1	467.408687525	467.456386706	0.000	8000.000	0.0477	8000.000		cl16
74	Spectrogram 1	1	467.408687525	467.456386706	0.000	8000.000	0.0477	8000.000	-60.58	cl16
75	Waveform 1	1	480.680985182	481.280206148	0.000	8000.000	0.5992	8000.000		mo5
75	Spectrogram 1	1	480.680985182	481.280206148	0.000	8000.000	0.5992	8000.000	-34.59	mo5
76	Waveform 1	1	481.307036938	482.141772612	0.000	8000.000	0.8347	8000.000		-mo6
76	Spectrogram 1	1	481.307036938	482.141772612	0.000	8000.000	0.8347	8000.000	-49.80	-mo6
77	Waveform 1	1	483.209041905	484.064645971	0.000	8000.000	0.8556	8000.000		mo7
77	Spectrogram 1	1	483.209041905	484.064645971	0.000	8000.000	0.8556	8000.000	-54.97	mo7
78	Waveform 1	1	488.694447874	488.929962582	0.000	8000.000	0.2355	8000.000		-t3
78	Spectrogram 1	1	488.694447874	488.929962582	0.000	8000.000	0.2355	8000.000	-65.20	-t3
79	Waveform 1	1	494.340838688	494.394500267	0.000	8000.000	0.0537	8000.000		cl17
79	Spectrogram 1	1	494.340838688	494.394500267	0.000	8000.000	0.0537	8000.000	-66.25	cl17
80	Waveform 1	1	522.262747642	522.429694777	0.000	8000.000	0.1669	8000.000		-t4
80	Spectrogram 1	1	522.262747642	522.429694777	0.000	8000.000	0.1669	8000.000	-67.28	-t4
81	Waveform 1	1	523.025934545	523.183938083	0.000	8000.000	0.1580	8000.000		-h2
81	Spectrogram 1	1	523.025934545	523.183938083	0.000	8000.000	0.1580	8000.000	-65.71	-h2
82	Waveform 1	1	525.121715908	525.243945060	0.000	8000.000	0.1222	8000.000		-sh1
82	Spectrogram 1	1	525.121715908	525.243945060	0.000	8000.000	0.1222	8000.000	-67.35	-sh1
83	Waveform 1	1	530.547497900	530.687614245	0.000	8000.000	0.1401	8000.000		sh2
83	Spectrogram 1	1	530.547497900	530.687614245	0.000	8000.000	0.1401	8000.000	-65.79	sh2
84	Waveform 1	1	575.873646431	576.091273946	0.000	8000.000	0.2176	8000.000		y4
84	Spectrogram 1	1	575.873646431	576.091273946	0.000	8000.000	0.2176	8000.000	-56.22	y4
85	Waveform 1	1	576.162822718	576.234371491	0.000	8000.000	0.0715	8000.000		ca1
85	Spectrogram 1	1	576.162822718	576.234371491	0.000	8000.000	0.0715	8000.000	-53.89	ca1
86	Waveform 1	1	576.389393830	576.451999006	0.000	8000.000	0.0626	8000.000		ca2
86	Spectrogram 1	1	576.389393830	576.451999006	0.000	8000.000	0.0626	8000.000	-53.41	ca2
87	Waveform 1	1	576.642795731	576.702419708	0.000	8000.000	0.0596	8000.000		ca3
87	Spectrogram 1	1	576.642795731	576.702419708	0.000	8000.000	0.0596	8000.000	-52.31	ca3
88	Waveform 1	1	577.218167107	577.355302253	0.000	8000.000	0.1371	8000.000		sq3
88	Spectrogram 1	1	577.218167107	577.355302253	0.000	8000.000	0.1371	8000.000	-56.45	sq3
89	Waveform 1	1	597.296541926	597.758627746	0.000	8000.000	0.4621	8000.000		t5
89	Spectrogram 1	1	597.296541926	597.758627746	0.000	8000.000	0.4621	8000.000	-48.11	t5
90	Waveform 1	1	598.420453888	598.712611374	0.000	8000.000	0.2922	8000.000		-h3
90	Spectrogram 1	1	598.420453888	598.712611374	0.000	8000.000	0.2922	8000.000	-66.49	-h3
91	Waveform 1	1	607.361069526	607.656208211	0.000	8000.000	0.2951	8000.000		-t6
91	Spectrogram 1	1	607.361069526	607.656208211	0.000	8000.000	0.2951	8000.000	-68.15	-t6
92	Waveform 1	1	616.844260189	617.145361271	0.000	8000.000	0.3011	8000.000		-t7
92	Spectrogram 1	1	616.844260189	617.145361271	0.000	8000.000	0.3011	8000.000	-72.86	-t7
93	Waveform 1	1	618.850607114	618.960911471	0.000	8000.000	0.1103	8000.000		-ud1
93	Spectrogram 1	1	618.850607114	618.960911471	0.000	8000.000	0.1103	8000.000	-70.71	-ud1
94	Waveform 1	1	620.421698902	620.719818786	0.000	8000.000	0.2981	8000.000		-t8
94	Spectrogram 1	1	620.421698902	620.719818786	0.000	8000.000	0.2981	8000.000	-74.30	-t8
95	Waveform 1	1	621.623122033	622.028565075	0.000	8000.000	0.4054	8000.000		-t9
95	Spectrogram 1	1	621.623122033	622.028565075	0.000	8000.000	0.4054	8000.000	-73.83	-t9
96	Waveform 1	1	622.818582874	623.140552349	0.000	8000.000	0.3220	8000.000		h4
96	Spectrogram 1	1	622.818582874	623.140552349	0.000	8000.000	0.3220	8000.000	-68.62	h4
97	Waveform 1	1	622.818582874	624.121366766	0.000	8000.000	1.3028	8000.000		fluff4
97	Spectrogram 1	1	622.818582874	624.121366766	0.000	8000.000	1.3028	8000.000	-56.85	fluff4
98	Waveform 1	1	628.014811141	628.283119036	0.000	8000.000	0.2683	8000.000		-h5
98	Spectrogram 1	1	628.014811141	628.283119036	0.000	8000.000	0.2683	8000.000	-67.83	-h5
99	Waveform 1	1	628.148965088	628.396404592	0.000	8000.000	0.2474	8000.000		-h6
99	Spectrogram 1	1	628.148965088	628.396404592	0.000	8000.000	0.2474	8000.000	-68.76	-h6
100	Waveform 1	1	630.101650435	630.361014734	0.000	8000.000	0.2594	8000.000		-t10
100	Spectrogram 1	1	630.101650435	630.361014734	0.000	8000.000	0.2594	8000.000	-72.49	-t10
101	Waveform 1	1	631.475983099	631.985768100	0.000	8000.000	0.5098	8000.000		t11
101	Spectrogram 1	1	631.475983099	631.985768100	0.000	8000.000	0.5098	8000.000	-49.20	t11
102	Waveform 1	1	634.451219647	634.880512280	0.000	8000.000	0.4293	8000.000		t12
102	Spectrogram 1	1	634.451219647	634.880512280	0.000	8000.000	0.4293	8000.000	-50.12	t12
103	Waveform 1	1	648.561232650	648.844446539	0.000	8000.000	0.2832	8000.000		-t13
103	Spectrogram 1	1	648.561232650	648.844446539	0.000	8000.000	0.2832	8000.000	-74.73	-t13
104	Waveform 1	1	648.775878966	649.071017651	0.000	8000.000	0.2951	8000.000		-t14
104	Spectrogram 1	1	648.775878966	649.071017651	0.000	8000.000	0.2951	8000.000	-73.99	-t14
105	Waveform 1	1	683.730443041	684.219359650	0.000	8000.000	0.4889	8000.000		t15
105	Spectrogram 1	1	683.730443041	684.219359650	0.000	8000.000	0.4889	8000.000	-47.59	t15
106	Waveform 1	1	729.241424264	729.384521808	0.000	8000.000	0.1431	8000.000		p3
106	Spectrogram 1	1	729.241424264	729.384521808	0.000	8000.000	0.1431	8000.000	-61.68	p3
107	Waveform 1	1	732.294170454	732.541609957	0.000	8000.000	0.2474	8000.000		-t17
107	Spectrogram 1	1	732.294170454	732.541609957	0.000	8000.000	0.2474	8000.000	-67.08	-t17
108	Waveform 1	1	732.914259812	733.337590047	0.000	8000.000	0.4233	8000.000		-t18
108	Spectrogram 1	1	732.914259812	733.337590047	0.000	8000.000	0.4233	8000.000	-56.92	-t18
109	Waveform 1	1	734.631428923	734.828188046	0.000	8000.000	0.1968	8000.000		-h7
109	Spectrogram 1	1	734.631428923	734.828188046	0.000	8000.000	0.1968	8000.000	-53.07	-h7
110	Waveform 1	1	742.072501437	742.474963280	0.000	8000.000	0.4025	8000.000		-t19
110	Spectrogram 1	1	742.072501437	742.474963280	0.000	8000.000	0.4025	8000.000	-65.54	-t19
111	Waveform 1	1	742.993691878	743.261999773	0.000	8000.000	0.2683	8000.000		-t20
111	Spectrogram 1	1	742.993691878	743.261999773	0.000	8000.000	0.2683	8000.000	-65.98	-t20
112	Waveform 1	1	746.356482349	746.416106326	0.000	8000.000	0.0596	8000.000		l5
112	Spectrogram 1	1	746.356482349	746.416106326	0.000	8000.000	0.0596	8000.000	-55.56	l5
113	Waveform 1	1	749.304888107	749.582139599	0.000	8000.000	0.2773	8000.000		mo8
113	Spectrogram 1	1	749.304888107	749.582139599	0.000	8000.000	0.2773	8000.000	-59.99	mo8
114	Waveform 1	1	755.455101417	755.839676067	0.000	8000.000	0.3846	8000.000		t21
114	Spectrogram 1	1	755.455101417	755.839676067	0.000	8000.000	0.3846	8000.000	-46.70	t21
115	Waveform 1	1	756.963588137	757.082836091	0.000	8000.000	0.1192	8000.000		-sh3
115	Spectrogram 1	1	756.963588137	757.082836091	0.000	8000.000	0.1192	8000.000	-65.80	-sh3
116	Waveform 1	1	758.448225158	758.737401445	0.000	8000.000	0.2892	8000.000		h8
116	Spectrogram 1	1	758.448225158	758.737401445	0.000	8000.000	0.2892	8000.000	-48.60	h8
117	Waveform 1	1	761.477123285	761.840829543	0.000	8000.000	0.3637	8000.000		h9
117	Spectrogram 1	1	761.477123285	761.840829543	0.000	8000.000	0.3637	8000.000	-50.18	h9
118	Waveform 1	1	772.528426682	772.680467823	0.000	8000.000	0.1520	8000.000		-sh4
118	Spectrogram 1	1	772.528426682	772.680467823	0.000	8000.000	0.1520	8000.000	-62.50	-sh4
119	Waveform 1	1	897.619531538	897.673193117	0.000	8000.000	0.0537	8000.000		cl18
119	Spectrogram 1	1	897.619531538	897.673193117	0.000	8000.000	0.0537	8000.000	-48.11	cl18
120	Waveform 1	1	898.117391744	898.174034522	0.000	8000.000	0.0566	8000.000		cl19
120	Spectrogram 1	1	898.117391744	898.174034522	0.000	8000.000	0.0566	8000.000	-45.55	cl19
121	Waveform 1	1	898.510909990	898.576496365	0.000	8000.000	0.0656	8000.000		cl20
121	Spectrogram 1	1	898.510909990	898.576496365	0.000	8000.000	0.0656	8000.000	-45.73	cl20
122	Waveform 1	1	898.713631511	899.259190899	0.000	8000.000	0.5456	8000.000		cm1
122	Spectrogram 1	1	898.713631511	899.259190899	0.000	8000.000	0.5456	8000.000	-45.63	cm1
123	Waveform 1	1	899.312852478	899.536442390	0.000	8000.000	0.2236	8000.000		cm2
123	Spectrogram 1	1	899.312852478	899.536442390	0.000	8000.000	0.2236	8000.000	-46.37	cm2
124	Waveform 1	1	899.733201514	900.260873708	0.000	8000.000	0.5277	8000.000		cm3
124	Spectrogram 1	1	899.733201514	900.260873708	0.000	8000.000	0.5277	8000.000	-46.22	cm3
125	Waveform 1	1	900.576880785	900.666316750	0.000	8000.000	0.0894	8000.000		cl21
125	Spectrogram 1	1	900.576880785	900.666316750	0.000	8000.000	0.0894	8000.000	-40.27	cl21
126	Waveform 1	1	901.471240544	901.536826919	0.000	8000.000	0.0656	8000.000		cl22
126	Spectrogram 1	1	901.471240544	901.536826919	0.000	8000.000	0.0656	8000.000	-42.70	cl22
127	Waveform 1	1	901.933326364	902.001893937	0.000	8000.000	0.0686	8000.000		cl23
127	Spectrogram 1	1	901.933326364	902.001893937	0.000	8000.000	0.0686	8000.000	-46.44	cl23
128	Waveform 1	1	902.541490927	902.610058500	0.000	8000.000	0.0686	8000.000		cl24
128	Spectrogram 1	1	902.541490927	902.610058500	0.000	8000.000	0.0686	8000.000	-46.34	cl24
129	Waveform 1	1	902.845573208	903.027426337	0.000	8000.000	0.1819	8000.000		cm4
129	Spectrogram 1	1	902.845573208	903.027426337	0.000	8000.000	0.1819	8000.000	-40.73	cm4
130	Waveform 1	1	903.098975109	903.996315959	0.000	8000.000	0.8973	8000.000		cm5
130	Spectrogram 1	1	903.098975109	903.996315959	0.000	8000.000	0.8973	8000.000	-44.09	cm5
131	Waveform 1	1	904.333191428	904.410702598	0.000	8000.000	0.0775	8000.000		cl25
131	Spectrogram 1	1	904.333191428	904.410702598	0.000	8000.000	0.0775	8000.000	-39.34	cl25
132	Waveform 1	1	904.863844821	904.941355991	0.000	8000.000	0.0775	8000.000		cl26
132	Spectrogram 1	1	904.863844821	904.941355991	0.000	8000.000	0.0775	8000.000	-41.81	cl26
133	Waveform 1	1	905.328911948	905.397479521	0.000	8000.000	0.0686	8000.000		cl27
133	Spectrogram 1	1	905.328911948	905.397479521	0.000	8000.000	0.0686	8000.000	-42.38	cl27
134	Waveform 1	1	906.461767506	906.527353881	0.000	8000.000	0.0656	8000.000		cl28
134	Spectrogram 1	1	906.461767506	906.527353881	0.000	8000.000	0.0656	8000.000	-45.64	cl28
135	Waveform 1	1	906.938759320	907.010308092	0.000	8000.000	0.0715	8000.000		cl29
135	Spectrogram 1	1	906.938759320	907.010308092	0.000	8000.000	0.0715	8000.000	-45.92	cl29
136	Waveform 1	1	907.645303445	907.710889819	0.000	8000.000	0.0656	8000.000		cl30
136	Spectrogram 1	1	907.645303445	907.710889819	0.000	8000.000	0.0656	8000.000	-46.50	cl30
137	Waveform 1	1	908.491963914	908.572456283	0.000	8000.000	0.0805	8000.000		cl31
137	Spectrogram 1	1	908.491963914	908.572456283	0.000	8000.000	0.0805	8000.000	-46.40	cl31
138	Waveform 1	1	910.116717389	910.188266161	0.000	8000.000	0.0715	8000.000		cl32
138	Spectrogram 1	1	910.116717389	910.188266161	0.000	8000.000	0.0715	8000.000	-44.03	cl32
139	Waveform 1	1	910.471480051	910.528122829	0.000	8000.000	0.0566	8000.000		cl33
139	Spectrogram 1	1	910.471480051	910.528122829	0.000	8000.000	0.0566	8000.000	-49.85	cl33
140	Waveform 1	1	910.963377859	911.037907830	0.000	8000.000	0.0745	8000.000		cl34
140	Spectrogram 1	1	910.963377859	911.037907830	0.000	8000.000	0.0745	8000.000	-43.29	cl34
141	Waveform 1	1	911.404595287	911.461238065	0.000	8000.000	0.0566	8000.000		cl35
141	Spectrogram 1	1	911.404595287	911.461238065	0.000	8000.000	0.0566	8000.000	-45.41	cl35
142	Waveform 1	1	912.266161859	912.316842239	0.000	8000.000	0.0507	8000.000		cl36
142	Spectrogram 1	1	912.266161859	912.316842239	0.000	8000.000	0.0507	8000.000	-48.18	cl36
143	Waveform 1	1	912.737191276	912.811721246	0.000	8000.000	0.0745	8000.000		cl37
143	Spectrogram 1	1	912.737191276	912.811721246	0.000	8000.000	0.0745	8000.000	-42.29	cl37
144	Waveform 1	1	913.199277095	913.264863470	0.000	8000.000	0.0656	8000.000		cl38
144	Spectrogram 1	1	913.199277095	913.264863470	0.000	8000.000	0.0656	8000.000	-43.91	cl38
145	Waveform 1	1	913.583851745	913.655400517	0.000	8000.000	0.0715	8000.000		cl39
145	Spectrogram 1	1	913.583851745	913.655400517	0.000	8000.000	0.0715	8000.000	-45.14	cl39
146	Waveform 1	1	914.022087974	914.093636747	0.000	8000.000	0.0715	8000.000		cl40
146	Spectrogram 1	1	914.022087974	914.093636747	0.000	8000.000	0.0715	8000.000	-43.36	cl40
147	Waveform 1	1	914.379831835	914.448399408	0.000	8000.000	0.0686	8000.000		cl41
147	Spectrogram 1	1	914.379831835	914.448399408	0.000	8000.000	0.0686	8000.000	-44.36	cl41
148	Waveform 1	1	915.020789585	915.089357158	0.000	8000.000	0.0686	8000.000		cl42
148	Spectrogram 1	1	915.020789585	915.089357158	0.000	8000.000	0.0686	8000.000	-41.43	cl42
149	Waveform 1	1	915.754164499	915.825713271	0.000	8000.000	0.0715	8000.000		cl43
149	Spectrogram 1	1	915.754164499	915.825713271	0.000	8000.000	0.0715	8000.000	-45.70	cl43
150	Waveform 1	1	916.782677753	916.842301730	0.000	8000.000	0.0596	8000.000		cl44
150	Spectrogram 1	1	916.782677753	916.842301730	0.000	8000.000	0.0596	8000.000	-43.68	cl44
151	Waveform 1	1	917.101666029	917.167252403	0.000	8000.000	0.0656	8000.000		cl45
151	Spectrogram 1	1	917.101666029	917.167252403	0.000	8000.000	0.0656	8000.000	-42.45	cl45
152	Waveform 1	1	917.516052667	917.572695445	0.000	8000.000	0.0566	8000.000		cl46
152	Spectrogram 1	1	917.516052667	917.572695445	0.000	8000.000	0.0566	8000.000	-43.27	cl46
153	Waveform 1	1	918.010931674	918.076518048	0.000	8000.000	0.0656	8000.000		cl47
153	Spectrogram 1	1	918.010931674	918.076518048	0.000	8000.000	0.0656	8000.000	-44.07	cl47
154	Waveform 1	1	919.176580419	919.221298402	0.000	8000.000	0.0447	8000.000		cl48
154	Spectrogram 1	1	919.176580419	919.221298402	0.000	8000.000	0.0447	8000.000	-48.62	cl48
155	Waveform 1	1	919.665497029	919.734064602	0.000	8000.000	0.0686	8000.000		cl49
155	Spectrogram 1	1	919.665497029	919.734064602	0.000	8000.000	0.0686	8000.000	-42.86	cl49
156	Waveform 1	1	920.255774507	920.324342080	0.000	8000.000	0.0686	8000.000		cl50
156	Spectrogram 1	1	920.255774507	920.324342080	0.000	8000.000	0.0686	8000.000	-46.55	cl50
157	Waveform 1	1	922.101136587	922.157779365	0.000	8000.000	0.0566	8000.000		cl51
157	Spectrogram 1	1	922.101136587	922.157779365	0.000	8000.000	0.0566	8000.000	-44.71	cl51
158	Waveform 1	1	949.119742517	949.188310090	0.000	8000.000	0.0686	8000.000		cl52
158	Spectrogram 1	1	949.119742517	949.188310090	0.000	8000.000	0.0686	8000.000	-45.46	cl52
159	Waveform 1	1	949.587790734	949.838211437	0.000	8000.000	0.2504	8000.000		cm6
159	Spectrogram 1	1	949.587790734	949.838211437	0.000	8000.000	0.2504	8000.000	-46.24	cm6
160	Waveform 1	1	950.350977637	950.413582812	0.000	8000.000	0.0626	8000.000		cl53
160	Spectrogram 1	1	950.350977637	950.413582812	0.000	8000.000	0.0626	8000.000	-40.65	cl53
161	Waveform 1	1	951.364585241	951.424209218	0.000	8000.000	0.0596	8000.000		cl54
161	Spectrogram 1	1	951.364585241	951.424209218	0.000	8000.000	0.0596	8000.000	-46.53	cl54
162	Waveform 1	1	955.618756199	955.681361374	0.000	8000.000	0.0626	8000.000		cl55
162	Spectrogram 1	1	955.618756199	955.681361374	0.000	8000.000	0.0626	8000.000	-45.82	cl55
163	Waveform 1	1	956.718818570	956.772480149	0.000	8000.000	0.0537	8000.000		cl56
163	Spectrogram 1	1	956.718818570	956.772480149	0.000	8000.000	0.0537	8000.000	-46.23	cl56
164	Waveform 1	1	959.398916325	959.473446296	0.000	8000.000	0.0745	8000.000		cl57
164	Spectrogram 1	1	959.398916325	959.473446296	0.000	8000.000	0.0745	8000.000	-42.46	cl57
165	Waveform 1	1	959.986212604	960.063723774	0.000	8000.000	0.0775	8000.000		cl58
165	Spectrogram 1	1	959.986212604	960.063723774	0.000	8000.000	0.0775	8000.000	-42.73	cl58
166	Waveform 1	1	960.600339564	960.654001143	0.000	8000.000	0.0537	8000.000		cl59
166	Spectrogram 1	1	960.600339564	960.654001143	0.000	8000.000	0.0537	8000.000	-46.03	cl59
167	Waveform 1	1	961.807725094	961.864367871	0.000	8000.000	0.0566	8000.000		cl60
167	Spectrogram 1	1	961.807725094	961.864367871	0.000	8000.000	0.0566	8000.000	-45.42	cl60
168	Waveform 1	1	962.544081206	962.615629978	0.000	8000.000	0.0715	8000.000		cl61
168	Spectrogram 1	1	962.544081206	962.615629978	0.000	8000.000	0.0715	8000.000	-43.69	cl61
169	Waveform 1	1	963.438440966	963.498064943	0.000	8000.000	0.0596	8000.000		cl62
169	Spectrogram 1	1	963.438440966	963.498064943	0.000	8000.000	0.0596	8000.000	-44.86	cl62
170	Waveform 1	1	964.935002782	964.994626759	0.000	8000.000	0.0596	8000.000		cl63
170	Spectrogram 1	1	964.935002782	964.994626759	0.000	8000.000	0.0596	8000.000	-51.53	cl63
171	Waveform 1	1	969.245816409	969.305440386	0.000	8000.000	0.0596	8000.000		cl64
171	Spectrogram 1	1	969.245816409	969.305440386	0.000	8000.000	0.0596	8000.000	-47.84	cl64
172	Waveform 1	1	969.997078625	970.059683800	0.000	8000.000	0.0626	8000.000		cl65
172	Spectrogram 1	1	969.997078625	970.059683800	0.000	8000.000	0.0626	8000.000	-46.60	cl65
173	Waveform 1	1	970.474070439	970.542638012	0.000	8000.000	0.0686	8000.000		cl66
173	Spectrogram 1	1	970.474070439	970.542638012	0.000	8000.000	0.0686	8000.000	-45.00	cl66
174	Waveform 1	1	970.608224386	970.971930645	0.000	8000.000	0.3637	8000.000		cm7
174	Spectrogram 1	1	970.608224386	970.971930645	0.000	8000.000	0.3637	8000.000	-40.38	cm7
175	Waveform 1	1	971.040498218	971.565189213	0.000	8000.000	0.5247	8000.000		cm8
175	Spectrogram 1	1	971.040498218	971.565189213	0.000	8000.000	0.5247	8000.000	-45.35	cm8
176	Waveform 1	1	972.092861407	972.161428981	0.000	8000.000	0.0686	8000.000		cl67
176	Spectrogram 1	1	972.092861407	972.161428981	0.000	8000.000	0.0686	8000.000	-39.87	cl67
177	Waveform 1	1	972.680157578	972.742762754	0.000	8000.000	0.0626	8000.000		cl68
177	Spectrogram 1	1	972.680157578	972.742762754	0.000	8000.000	0.0626	8000.000	-46.68	cl68
178	Waveform 1	1	973.294284539	973.350927317	0.000	8000.000	0.0566	8000.000		cl69
178	Spectrogram 1	1	973.294284539	973.350927317	0.000	8000.000	0.0566	8000.000	-46.90	cl69
179	Waveform 1	1	992.800276708	997.769935170	0.000	8000.000	4.9697	8000.000		help1
179	Spectrogram 1	1	992.800276708	997.769935170	0.000	8000.000	4.9697	8000.000	-62.90	help1
180	Waveform 1	1	1003.520667828	1003.592216600	0.000	8000.000	0.0715	8000.000		cl70
180	Spectrogram 1	1	1003.520667828	1003.592216600	0.000	8000.000	0.0715	8000.000	-47.15	cl70
181	Waveform 1	1	1025.581539362	1025.638182140	0.000	8000.000	0.0566	8000.000		cl71
181	Spectrogram 1	1	1025.581539362	1025.638182140	0.000	8000.000	0.0566	8000.000	-49.16	cl71
182	Waveform 1	1	1026.317895474	1026.371557054	0.000	8000.000	0.0537	8000.000		cl72
182	Spectrogram 1	1	1026.317895474	1026.371557054	0.000	8000.000	0.0537	8000.000	-46.08	cl72
183	Waveform 1	1	1026.621977756	1026.711413721	0.000	8000.000	0.0894	8000.000		cl73
183	Spectrogram 1	1	1026.621977756	1026.711413721	0.000	8000.000	0.0894	8000.000	-40.76	cl73
184	Waveform 1	1	1027.298709892	1027.373239863	0.000	8000.000	0.0745	8000.000		cl74
184	Spectrogram 1	1	1027.298709892	1027.373239863	0.000	8000.000	0.0745	8000.000	-41.30	cl74
185	Waveform 1	1	1028.094689982	1028.148351561	0.000	8000.000	0.0537	8000.000		cl75
185	Spectrogram 1	1	1028.094689982	1028.148351561	0.000	8000.000	0.0537	8000.000	-46.92	cl75
186	Waveform 1	1	1028.774403316	1028.845952089	0.000	8000.000	0.0715	8000.000		cl76
186	Spectrogram 1	1	1028.774403316	1028.845952089	0.000	8000.000	0.0715	8000.000	-44.59	cl76
187	Waveform 1	1	1029.266301125	1029.325925101	0.000	8000.000	0.0596	8000.000		cl77
187	Spectrogram 1	1	1029.266301125	1029.325925101	0.000	8000.000	0.0596	8000.000	-44.39	cl77
188	Waveform 1	1	1029.713479531	1029.779065905	0.000	8000.000	0.0656	8000.000		cl78
188	Spectrogram 1	1	1029.713479531	1029.779065905	0.000	8000.000	0.0656	8000.000	-44.66	cl78
189	Waveform 1	1	1029.996693420	1030.062279795	0.000	8000.000	0.0656	8000.000		cl79
189	Spectrogram 1	1	1029.996693420	1030.062279795	0.000	8000.000	0.0656	8000.000	-42.74	cl79
190	Waveform 1	1	1030.193452543	1030.667463159	0.000	8000.000	0.4740	8000.000		cm9
190	Spectrogram 1	1	1030.193452543	1030.667463159	0.000	8000.000	0.4740	8000.000	-45.95	cm9
191	Waveform 1	1	1030.736030732	1030.816523100	0.000	8000.000	0.0805	8000.000		cl80
191	Spectrogram 1	1	1030.736030732	1030.816523100	0.000	8000.000	0.0805	8000.000	-39.40	cl80
192	Waveform 1	1	1031.406800470	1031.475368043	0.000	8000.000	0.0686	8000.000		cl81
192	Spectrogram 1	1	1031.406800470	1031.475368043	0.000	8000.000	0.0686	8000.000	-45.59	cl81
193	Waveform 1	1	1032.098438600	1032.158062577	0.000	8000.000	0.0596	8000.000		cl82
193	Spectrogram 1	1	1032.098438600	1032.158062577	0.000	8000.000	0.0596	8000.000	-47.80	cl82
194	Waveform 1	1	1032.948080269	1033.010685445	0.000	8000.000	0.0626	8000.000		cl83
194	Spectrogram 1	1	1032.948080269	1033.010685445	0.000	8000.000	0.0626	8000.000	-41.53	cl83
195	Waveform 1	1	1033.684436490	1033.744060467	0.000	8000.000	0.0596	8000.000		cl84
195	Spectrogram 1	1	1033.684436490	1033.744060467	0.000	8000.000	0.0596	8000.000	-46.54	cl84
196	Waveform 1	1	1034.441660995	1034.492341375	0.000	8000.000	0.0507	8000.000		cl85
196	Spectrogram 1	1	1034.441660995	1034.492341375	0.000	8000.000	0.0507	8000.000	-47.05	cl85
197	Waveform 1	1	1044.383959442	1044.437621022	0.000	8000.000	0.0537	8000.000		cl86
197	Spectrogram 1	1	1044.383959442	1044.437621022	0.000	8000.000	0.0537	8000.000	-47.44	cl86
198	Waveform 1	1	1045.290243889	1045.367755059	0.000	8000.000	0.0775	8000.000		cl87
198	Spectrogram 1	1	1045.290243889	1045.367755059	0.000	8000.000	0.0775	8000.000	-46.04	cl87
199	Waveform 1	1	1046.435024243	1046.506573015	0.000	8000.000	0.0715	8000.000		cl88
199	Spectrogram 1	1	1046.435024243	1046.506573015	0.000	8000.000	0.0715	8000.000	-45.17	cl88
200	Waveform 1	1	1056.794690527	1056.863258101	0.000	8000.000	0.0686	8000.000		cl89
200	Spectrogram 1	1	1056.794690527	1056.863258101	0.000	8000.000	0.0686	8000.000	-45.57	cl89
201	Waveform 1	1	1058.177966788	1058.225665969	0.000	8000.000	0.0477	8000.000		cl90
201	Spectrogram 1	1	1058.177966788	1058.225665969	0.000	8000.000	0.0477	8000.000	-46.93	cl90
202	Waveform 1	1	1083.646347794	1083.700009373	0.000	8000.000	0.0537	8000.000		cl91
202	Spectrogram 1	1	1083.646347794	1083.700009373	0.000	8000.000	0.0537	8000.000	-65.01	cl91
203	Waveform 1	1	1085.664619407	1085.727224583	0.000	8000.000	0.0626	8000.000		cl92
203	Spectrogram 1	1	1085.664619407	1085.727224583	0.000	8000.000	0.0626	8000.000	-43.39	cl92
204	Waveform 1	1	1086.496373883	1086.555997859	0.000	8000.000	0.0596	8000.000		cl93
204	Spectrogram 1	1	1086.496373883	1086.555997859	0.000	8000.000	0.0596	8000.000	-41.47	cl93
205	Waveform 1	1	1087.068764059	1087.131369235	0.000	8000.000	0.0626	8000.000		cl94
205	Spectrogram 1	1	1087.068764059	1087.131369235	0.000	8000.000	0.0626	8000.000	-46.60	cl94
206	Waveform 1	1	1087.572586771	1087.635191947	0.000	8000.000	0.0626	8000.000		cl95
206	Spectrogram 1	1	1087.572586771	1087.635191947	0.000	8000.000	0.0626	8000.000	-46.38	cl95
207	Waveform 1	1	1087.963123819	1088.019766597	0.000	8000.000	0.0566	8000.000		cl96
207	Spectrogram 1	1	1087.963123819	1088.019766597	0.000	8000.000	0.0566	8000.000	-47.91	cl96
208	Waveform 1	1	1088.571288382	1088.621968762	0.000	8000.000	0.0507	8000.000		cl97
208	Spectrogram 1	1	1088.571288382	1088.621968762	0.000	8000.000	0.0507	8000.000	-50.86	cl97
209	Waveform 1	1	1089.075110985	1089.119828968	0.000	8000.000	0.0447	8000.000		cl98
209	Spectrogram 1	1	1089.075110985	1089.119828968	0.000	8000.000	0.0447	8000.000	-48.13	cl98
210	Waveform 1	1	1089.748861922	1089.814448297	0.000	8000.000	0.0656	8000.000		cl99
210	Spectrogram 1	1	1089.748861922	1089.814448297	0.000	8000.000	0.0656	8000.000	-42.97	cl99
211	Waveform 1	1	1145.407845949	1145.470451125	0.000	8000.000	0.0626	8000.000		-cl100
211	Spectrogram 1	1	1145.407845949	1145.470451125	0.000	8000.000	0.0626	8000.000	-68.84	-cl100
212	Waveform 1	1	1145.905706155	1145.980236126	0.000	8000.000	0.0745	8000.000		-cl101
212	Spectrogram 1	1	1145.905706155	1145.980236126	0.000	8000.000	0.0745	8000.000	-68.08	-cl101
213	Waveform 1	1	1146.018991711	1146.090540483	0.000	8000.000	0.0715	8000.000		-cl102
213	Spectrogram 1	1	1146.018991711	1146.090540483	0.000	8000.000	0.0715	8000.000	-65.01	-cl102
214	Waveform 1	1	1146.349904782	1146.597344285	0.000	8000.000	0.2474	8000.000		-cm10
214	Spectrogram 1	1	1146.349904782	1146.597344285	0.000	8000.000	0.2474	8000.000	-65.39	-cm10
215	Waveform 1	1	1146.898445368	1147.277057620	0.000	8000.000	0.3786	8000.000		cm11
215	Spectrogram 1	1	1146.898445368	1147.277057620	0.000	8000.000	0.3786	8000.000	-65.59	cm11
216	Waveform 1	1	1147.980620546	1148.064094113	0.000	8000.000	0.0835	8000.000		cl103
216	Spectrogram 1	1	1147.980620546	1148.064094113	0.000	8000.000	0.0835	8000.000	-48.36	cl103
217	Waveform 1	1	1205.890408167	1205.938107348	0.000	8000.000	0.0477	8000.000		cl104
217	Spectrogram 1	1	1205.890408167	1205.938107348	0.000	8000.000	0.0477	8000.000	-46.84	cl104
218	Waveform 1	1	1206.128904074	1206.200452846	0.000	8000.000	0.0715	8000.000		cl105
218	Spectrogram 1	1	1206.128904074	1206.200452846	0.000	8000.000	0.0715	8000.000	-44.27	cl105
219	Waveform 1	1	1206.713219046	1206.772843022	0.000	8000.000	0.0596	8000.000		cl106
219	Spectrogram 1	1	1206.713219046	1206.772843022	0.000	8000.000	0.0596	8000.000	-47.78	cl106
220	Waveform 1	1	1207.223004155	1207.318402518	0.000	8000.000	0.0954	8000.000		cl107
220	Spectrogram 1	1	1207.223004155	1207.318402518	0.000	8000.000	0.0954	8000.000	-43.81	cl107
221	Waveform 1	1	1207.801356730	1208.072645824	0.000	8000.000	0.2713	8000.000		cm12
221	Spectrogram 1	1	1207.801356730	1208.072645824	0.000	8000.000	0.2713	8000.000	-48.14	cm12
222	Waveform 1	1	1208.191893777	1208.272386146	0.000	8000.000	0.0805	8000.000		cl108
222	Spectrogram 1	1	1208.191893777	1208.272386146	0.000	8000.000	0.0805	8000.000	-39.91	cl108
223	Waveform 1	1	1209.098178224	1209.163764598	0.000	8000.000	0.0656	8000.000		cl109
223	Spectrogram 1	1	1209.098178224	1209.163764598	0.000	8000.000	0.0656	8000.000	-45.00	cl109
224	Waveform 1	1	1258.812650024	1258.878236399	0.000	8000.000	0.0656	8000.000		m39
224	Spectrogram 1	1	1258.812650024	1258.878236399	0.000	8000.000	0.0656	8000.000	-59.93	m39
225	Waveform 1	1	1258.985559557	1259.069033124	0.000	8000.000	0.0835	8000.000		m40
225	Spectrogram 1	1	1258.985559557	1259.069033124	0.000	8000.000	0.0835	8000.000	-55.04	m40
226	Waveform 1	1	1259.218093066	1259.304547832	0.000	8000.000	0.0865	8000.000		m41
226	Spectrogram 1	1	1259.218093066	1259.304547832	0.000	8000.000	0.0865	8000.000	-53.28	m41
227	Waveform 1	1	1259.355228213	1259.393983797	0.000	8000.000	0.0388	8000.000		m42
227	Spectrogram 1	1	1259.355228213	1259.393983797	0.000	8000.000	0.0388	8000.000	-61.65	m42
228	Waveform 1	1	1259.426776985	1259.468513768	0.000	8000.000	0.0417	8000.000		m43
228	Spectrogram 1	1	1259.426776985	1259.468513768	0.000	8000.000	0.0417	8000.000	-58.34	m43
229	Waveform 1	1	1286.317191364	1286.561649669	0.000	8000.000	0.2445	8000.000		help2
229	Spectrogram 1	1	1286.317191364	1286.561649669	0.000	8000.000	0.2445	8000.000	-50.59	help2
230	Waveform 1	1	1293.156060077	1293.212702855	0.000	8000.000	0.0566	8000.000		cl110
230	Spectrogram 1	1	1293.156060077	1293.212702855	0.000	8000.000	0.0566	8000.000	-46.64	cl110
231	Waveform 1	1	1294.208423375	1294.271028551	0.000	8000.000	0.0626	8000.000		cl111
231	Spectrogram 1	1	1294.208423375	1294.271028551	0.000	8000.000	0.0626	8000.000	-46.11	cl111
232	Waveform 1	1	1303.250399666	1303.324929637	0.000	8000.000	0.0745	8000.000		cl112
232	Spectrogram 1	1	1303.250399666	1303.324929637	0.000	8000.000	0.0745	8000.000	-47.28	cl112
233	Waveform 1	1	1304.767829982	1304.815529164	0.000	8000.000	0.0477	8000.000		cl113
233	Spectrogram 1	1	1304.767829982	1304.815529164	0.000	8000.000	0.0477	8000.000	-50.48	cl113
234	Waveform 1	1	1305.209047410	1305.280596182	0.000	8000.000	0.0715	8000.000		cl114
234	Spectrogram 1	1	1305.209047410	1305.280596182	0.000	8000.000	0.0715	8000.000	-50.36	cl114
235	Waveform 1	1	1419.840617607	1419.903222783	0.000	8000.000	0.0626	8000.000		cl115
235	Spectrogram 1	1	1419.840617607	1419.903222783	0.000	8000.000	0.0626	8000.000	-47.09	cl115
236	Waveform 1	1	1420.389158193	1420.460706965	0.000	8000.000	0.0715	8000.000		cl116
236	Spectrogram 1	1	1420.389158193	1420.460706965	0.000	8000.000	0.0715	8000.000	-47.02	cl116
237	Waveform 1	1	1423.325639156	1423.388244332	0.000	8000.000	0.0626	8000.000		cl117
237	Spectrogram 1	1	1423.325639156	1423.388244332	0.000	8000.000	0.0626	8000.000	-47.99	cl117
238	Waveform 1	1	1499.554894174	1499.617499350	0.000	8000.000	0.0626	8000.000		cl118
238	Spectrogram 1	1	1499.554894174	1499.617499350	0.000	8000.000	0.0626	8000.000	-48.17	cl118
239	Waveform 1	1	1504.199602071	1504.277113241	0.000	8000.000	0.0775	8000.000		cl119
239	Spectrogram 1	1	1504.199602071	1504.277113241	0.000	8000.000	0.0775	8000.000	-46.26	cl119
240	Waveform 1	1	1509.717801336	1510.069582799	0.000	8000.000	0.3518	8000.000		h10
240	Spectrogram 1	1	1509.717801336	1510.069582799	0.000	8000.000	0.3518	8000.000	-47.12	h10
241	Waveform 1	1	1511.607881507	1511.837433817	0.000	8000.000	0.2296	8000.000		h11
241	Spectrogram 1	1	1511.607881507	1511.837433817	0.000	8000.000	0.2296	8000.000	-49.11	h11
242	Waveform 1	1	1525.640367724	1526.013017578	0.000	8000.000	0.3726	8000.000		h12
242	Spectrogram 1	1	1525.640367724	1526.013017578	0.000	8000.000	0.3726	8000.000	-47.91	h12
243	Waveform 1	1	1526.463178603	1526.525783778	0.000	8000.000	0.0626	8000.000		l6
243	Spectrogram 1	1	1526.463178603	1526.525783778	0.000	8000.000	0.0626	8000.000	-48.20	l6
244	Waveform 1	1	1533.009891466	1533.060571847	0.000	8000.000	0.0507	8000.000		cl120
244	Spectrogram 1	1	1533.009891466	1533.060571847	0.000	8000.000	0.0507	8000.000	-62.77	cl120
245	Waveform 1	1	1533.346766935	1533.391484918	0.000	8000.000	0.0447	8000.000		cl121
245	Spectrogram 1	1	1533.346766935	1533.391484918	0.000	8000.000	0.0447	8000.000	-63.84	cl121
246	Waveform 1	1	1571.723740760	1571.783364737	0.000	8000.000	0.0596	8000.000		cl122
246	Spectrogram 1	1	1571.723740760	1571.783364737	0.000	8000.000	0.0596	8000.000	-59.71	cl122
247	Waveform 1	1	1571.998011053	1572.063597427	0.000	8000.000	0.0656	8000.000		cl123
247	Spectrogram 1	1	1571.998011053	1572.063597427	0.000	8000.000	0.0656	8000.000	-56.93	cl123
248	Waveform 1	1	1572.698592780	1572.758216756	0.000	8000.000	0.0596	8000.000		cl124
248	Spectrogram 1	1	1572.698592780	1572.758216756	0.000	8000.000	0.0596	8000.000	-60.22	cl124
249	Waveform 1	1	1573.190490588	1573.268001758	0.000	8000.000	0.0775	8000.000		cl125
249	Spectrogram 1	1	1573.190490588	1573.268001758	0.000	8000.000	0.0775	8000.000	-54.46	cl125
250	Waveform 1	1	1605.840581229	1605.932998393	0.000	8000.000	0.0924	8000.000		p1
250	Spectrogram 1	1	1605.840581229	1605.932998393	0.000	8000.000	0.0924	8000.000	-51.59	p1
251	Waveform 1	1	1605.995603569	1606.043302750	0.000	8000.000	0.0477	8000.000		p1
251	Spectrogram 1	1	1605.995603569	1606.043302750	0.000	8000.000	0.0477	8000.000	-57.29	p1
252	Waveform 1	1	1613.463506873	1613.523130850	0.000	8000.000	0.0596	8000.000		cl128
252	Spectrogram 1	1	1613.463506873	1613.523130850	0.000	8000.000	0.0596	8000.000	-68.41	cl128
253	Waveform 1	1	1613.892799506	1614.155145003	0.000	8000.000	0.2623	8000.000		cm13
253	Spectrogram 1	1	1613.892799506	1614.155145003	0.000	8000.000	0.2623	8000.000	-66.01	cm13
254	Waveform 1	1	1614.539719534	1614.590399915	0.000	8000.000	0.0507	8000.000		cl129
254	Spectrogram 1	1	1614.539719534	1614.590399915	0.000	8000.000	0.0507	8000.000	-65.86	cl129
255	Waveform 1	1	1614.825914623	1614.879576202	0.000	8000.000	0.0537	8000.000		cl130
255	Spectrogram 1	1	1614.825914623	1614.879576202	0.000	8000.000	0.0537	8000.000	-70.85	cl130
256	Waveform 1	1	1664.927942272	1665.002472243	0.000	8000.000	0.0745	8000.000		m44
256	Spectrogram 1	1	1664.927942272	1665.002472243	0.000	8000.000	0.0745	8000.000	-60.06	m44
257	Waveform 1	1	1665.539088034	1665.595730812	0.000	8000.000	0.0566	8000.000		m45
257	Spectrogram 1	1	1665.539088034	1665.595730812	0.000	8000.000	0.0566	8000.000	-55.11	m45
258	Waveform 1	1	1667.154897804	1667.217502979	0.000	8000.000	0.0626	8000.000		m46
258	Spectrogram 1	1	1667.154897804	1667.217502979	0.000	8000.000	0.0626	8000.000	-59.51	m46
259	Waveform 1	1	1668.225148186	1668.287753362	0.000	8000.000	0.0626	8000.000		b1
259	Spectrogram 1	1	1668.225148186	1668.287753362	0.000	8000.000	0.0626	8000.000	-61.03	b1
260	Waveform 1	1	1746.350446622	1746.430938991	0.000	8000.000	0.0805	8000.000		cl131
260	Spectrogram 1	1	1746.350446622	1746.430938991	0.000	8000.000	0.0805	8000.000	-54.43	cl131
261	Waveform 1	1	1783.949319914	1784.593258863	0.000	8000.000	0.6439	8000.000		pu1
261	Spectrogram 1	1	1783.949319914	1784.593258863	0.000	8000.000	0.6439	8000.000	-59.63	pu1
262	Waveform 1	1	1786.364091081	1786.760590526	0.000	8000.000	0.3965	8000.000		pu2
262	Spectrogram 1	1	1786.364091081	1786.760590526	0.000	8000.000	0.3965	8000.000	-49.07	pu2
263	Waveform 1	1	1797.361733917	1797.549549443	0.000	8000.000	0.1878	8000.000		pu3
263	Spectrogram 1	1	1797.361733917	1797.549549443	0.000	8000.000	0.1878	8000.000	-69.14	pu3
264	Waveform 1	1	1797.633023011	1797.844688128	0.000	8000.000	0.2117	8000.000		pu4
264	Spectrogram 1	1	1797.633023011	1797.844688128	0.000	8000.000	0.2117	8000.000	-68.55	pu4
265	Waveform 1	1	1832.372934037	1832.435539213	0.000	8000.000	0.0626	8000.000		cl132
265	Spectrogram 1	1	1832.372934037	1832.435539213	0.000	8000.000	0.0626	8000.000	-48.43	cl132
266	Waveform 1	1	1832.903587539	1832.951286720	0.000	8000.000	0.0477	8000.000		cl133
266	Spectrogram 1	1	1832.903587539	1832.951286720	0.000	8000.000	0.0477	8000.000	-54.46	cl133
267	Waveform 1	1	1834.000668711	1834.060292688	0.000	8000.000	0.0596	8000.000		cl134
267	Spectrogram 1	1	1834.000668711	1834.060292688	0.000	8000.000	0.0596	8000.000	-48.90	cl134
268	Waveform 1	1	1855.689668423	1855.746700053	0.000	8000.000	0.0570	8000.000		-cl135
268	Spectrogram 1	1	1855.689668423	1855.746700053	0.000	8000.000	0.0570	8000.000	-58.79	-cl135
269	Waveform 1	1	1859.895751349	1859.938525072	0.000	8000.000	0.0428	8000.000		m47
269	Spectrogram 1	1	1859.895751349	1859.938525072	0.000	8000.000	0.0428	8000.000	-50.42	m47
270	Waveform 1	1	1859.952782979	1859.995556702	0.000	8000.000	0.0428	8000.000		m48
270	Spectrogram 1	1	1859.952782979	1859.995556702	0.000	8000.000	0.0428	8000.000	-52.04	m48
271	Waveform 1	1	1860.021220935	1860.063994658	0.000	8000.000	0.0428	8000.000		m49
271	Spectrogram 1	1	1860.021220935	1860.063994658	0.000	8000.000	0.0428	8000.000	-47.16	m49
272	Waveform 1	1	1860.135284195	1860.180909499	0.000	8000.000	0.0456	8000.000		m50
272	Spectrogram 1	1	1860.135284195	1860.180909499	0.000	8000.000	0.0456	8000.000	-51.58	m50
273	Waveform 1	1	1899.441485954	1899.489962839	0.000	8000.000	0.0485	8000.000		m51
273	Spectrogram 1	1	1899.441485954	1899.489962839	0.000	8000.000	0.0485	8000.000	-62.68	m51
274	Waveform 1	1	1899.498517583	1899.538439724	0.000	8000.000	0.0399	8000.000		m52
274	Spectrogram 1	1	1899.498517583	1899.538439724	0.000	8000.000	0.0399	8000.000	-58.77	m52
275	Waveform 1	1	1901.411928987	1901.514585921	0.000	8000.000	0.1027	8000.000		m53
275	Spectrogram 1	1	1901.411928987	1901.514585921	0.000	8000.000	0.1027	8000.000	-60.52	m53
276	Waveform 1	1	1901.674274484	1901.711345044	0.000	8000.000	0.0371	8000.000		m54
276	Spectrogram 1	1	1901.674274484	1901.711345044	0.000	8000.000	0.0371	8000.000	-58.63	m54
277	Waveform 1	1	1901.819705141	1901.873885189	0.000	8000.000	0.0542	8000.000		m55
277	Spectrogram 1	1	1901.819705141	1901.873885189	0.000	8000.000	0.0542	8000.000	-61.45	m55
278	Waveform 1	1	1902.455607815	1902.509787863	0.000	8000.000	0.0542	8000.000		cl136
278	Spectrogram 1	1	1902.455607815	1902.509787863	0.000	8000.000	0.0542	8000.000	-50.02	cl136
279	Waveform 1	1	1903.966946008	1904.015422893	0.000	8000.000	0.0485	8000.000		cl137
279	Spectrogram 1	1	1903.966946008	1904.015422893	0.000	8000.000	0.0485	8000.000	-45.69	cl137
280	Waveform 1	1	1904.525856200	1904.560075178	0.000	8000.000	0.0342	8000.000		-l7
280	Spectrogram 1	1	1904.525856200	1904.560075178	0.000	8000.000	0.0342	8000.000	-64.10	-l7
281	Waveform 1	1	1904.560075178	1904.605700482	0.000	8000.000	0.0456	8000.000		-l8
281	Spectrogram 1	1	1904.560075178	1904.605700482	0.000	8000.000	0.0456	8000.000	-65.05	-l8
282	Waveform 1	1	1904.762537464	1904.802459605	0.000	8000.000	0.0399	8000.000		-l9
282	Spectrogram 1	1	1904.762537464	1904.802459605	0.000	8000.000	0.0399	8000.000	-66.72	-l9
283	Waveform 1	1	1907.665447428	1907.725330639	0.000	8000.000	0.0599	8000.000		cl138
283	Spectrogram 1	1	1907.665447428	1907.725330639	0.000	8000.000	0.0599	8000.000	-47.61	cl138
284	Waveform 1	1	1933.740310166	1933.791638633	0.000	8000.000	0.0513	8000.000		cl139
284	Spectrogram 1	1	1933.740310166	1933.791638633	0.000	8000.000	0.0513	8000.000	-59.66	cl139
285	Waveform 1	1	1951.120700483	1951.172028950	0.000	8000.000	0.0513	8000.000		cl140
285	Spectrogram 1	1	1951.120700483	1951.172028950	0.000	8000.000	0.0513	8000.000	-50.60	cl140
286	Waveform 1	1	1952.107347900	1952.161527948	0.000	8000.000	0.0542	8000.000		cl141
286	Spectrogram 1	1	1952.107347900	1952.161527948	0.000	8000.000	0.0542	8000.000	-48.39	cl141
287	Waveform 1	1	1952.435279772	1952.495162983	0.000	8000.000	0.0599	8000.000		cl142
287	Spectrogram 1	1	1952.435279772	1952.495162983	0.000	8000.000	0.0599	8000.000	-46.90	cl142
288	Waveform 1	1	1952.751805318	1952.814540111	0.000	8000.000	0.0627	8000.000		cl143
288	Spectrogram 1	1	1952.751805318	1952.814540111	0.000	8000.000	0.0627	8000.000	-46.71	cl143
289	Waveform 1	1	1953.145323565	1953.219464684	0.000	8000.000	0.0741	8000.000		cl144
289	Spectrogram 1	1	1953.145323565	1953.219464684	0.000	8000.000	0.0741	8000.000	-46.15	cl144
290	Waveform 1	1	1954.910452511	1954.958929397	0.000	8000.000	0.0485	8000.000		cl145
290	Spectrogram 1	1	1954.910452511	1954.958929397	0.000	8000.000	0.0485	8000.000	-45.18	cl145
291	Waveform 1	1	1955.611941778	1955.663270245	0.000	8000.000	0.0513	8000.000		cl146
291	Spectrogram 1	1	1955.611941778	1955.663270245	0.000	8000.000	0.0513	8000.000	-43.38	cl146
292	Waveform 1	1	2020.516792165	2020.568120632	0.000	8000.000	0.0513	8000.000		-m56
292	Spectrogram 1	1	2020.516792165	2020.568120632	0.000	8000.000	0.0513	8000.000	-62.27	-m56
293	Waveform 1	1	2020.784840826	2020.839020874	0.000	8000.000	0.0542	8000.000		-m57
293	Spectrogram 1	1	2020.784840826	2020.839020874	0.000	8000.000	0.0542	8000.000	-58.29	-m57
294	Waveform 1	1	2072.732099362	2072.789130992	0.000	8000.000	0.0570	8000.000		cl147
294	Spectrogram 1	1	2072.732099362	2072.789130992	0.000	8000.000	0.0570	8000.000	-62.59	cl147
295	Waveform 1	1	2092.935549486	2092.989729535	0.000	8000.000	0.0542	8000.000		cl148
295	Spectrogram 1	1	2092.935549486	2092.989729535	0.000	8000.000	0.0542	8000.000	-48.20	cl148
296	Waveform 1	1	2093.443130992	2093.500162622	0.000	8000.000	0.0570	8000.000		cl149
296	Spectrogram 1	1	2093.443130992	2093.500162622	0.000	8000.000	0.0570	8000.000	-48.07	cl149
297	Waveform 1	1	2094.347082327	2094.409817120	0.000	8000.000	0.0627	8000.000		cl150
297	Spectrogram 1	1	2094.347082327	2094.409817120	0.000	8000.000	0.0627	8000.000	-45.54	cl150
298	Waveform 1	1	2111.847237539	2111.935636565	0.000	8000.000	0.0884	8000.000		b2
298	Spectrogram 1	1	2111.847237539	2111.935636565	0.000	8000.000	0.0884	8000.000	-63.54	b2
299	Waveform 1	1	2112.511656028	2112.622867706	0.000	8000.000	0.1112	8000.000		b3
299	Spectrogram 1	1	2112.511656028	2112.622867706	0.000	8000.000	0.1112	8000.000	-62.50	b3
300	Waveform 1	1	2114.593310739	2114.815734096	0.000	8000.000	0.2224	8000.000		y5
300	Spectrogram 1	1	2114.593310739	2114.815734096	0.000	8000.000	0.2224	8000.000	-57.21	y5
301	Waveform 1	1	2114.895578378	2114.964016334	0.000	8000.000	0.0684	8000.000		m58
301	Spectrogram 1	1	2114.895578378	2114.964016334	0.000	8000.000	0.0684	8000.000	-54.55	m58
302	Waveform 1	1	2115.023899545	2115.080931175	0.000	8000.000	0.0570	8000.000		m59
302	Spectrogram 1	1	2115.023899545	2115.080931175	0.000	8000.000	0.0570	8000.000	-53.25	m59
303	Waveform 1	1	2115.095189082	2115.137962805	0.000	8000.000	0.0428	8000.000		l10
303	Spectrogram 1	1	2115.095189082	2115.137962805	0.000	8000.000	0.0428	8000.000	-56.07	l10
304	Waveform 1	1	2115.194994435	2115.237768157	0.000	8000.000	0.0428	8000.000		m60
304	Spectrogram 1	1	2115.194994435	2115.237768157	0.000	8000.000	0.0428	8000.000	-55.79	m60
305	Waveform 1	1	2119.241388798	2119.383967872	0.000	8000.000	0.1426	8000.000		l11
305	Spectrogram 1	1	2119.241388798	2119.383967872	0.000	8000.000	0.1426	8000.000	-45.37	l11
306	Waveform 1	1	2119.446702665	2119.523695366	0.000	8000.000	0.0770	8000.000		l12
306	Spectrogram 1	1	2119.446702665	2119.523695366	0.000	8000.000	0.0770	8000.000	-49.48	l12
307	Waveform 1	1	2119.583578577	2119.663422859	0.000	8000.000	0.0798	8000.000		l13
307	Spectrogram 1	1	2119.583578577	2119.663422859	0.000	8000.000	0.0798	8000.000	-53.04	l13
308	Waveform 1	1	2120.536005488	2120.778389915	0.000	8000.000	0.2424	8000.000		-h13
308	Spectrogram 1	1	2120.536005488	2120.778389915	0.000	8000.000	0.2424	8000.000	-65.77	-h13
309	Waveform 1	1	2125.075721922	2125.258223138	0.000	8000.000	0.1825	8000.000		ht1
309	Spectrogram 1	1	2125.075721922	2125.258223138	0.000	8000.000	0.1825	8000.000	-52.83	ht1
310	Waveform 1	1	2136.419312244	2136.559039738	0.000	8000.000	0.1397	8000.000		ht2
310	Spectrogram 1	1	2136.419312244	2136.559039738	0.000	8000.000	0.1397	8000.000	-52.40	ht2
311	Waveform 1	1	2140.882037506	2141.027468162	0.000	8000.000	0.1454	8000.000		ht3
311	Spectrogram 1	1	2140.882037506	2141.027468162	0.000	8000.000	0.1454	8000.000	-58.46	ht3
312	Waveform 1	1	2142.880996354	2143.034981755	0.000	8000.000	0.1540	8000.000		ht4
312	Spectrogram 1	1	2142.880996354	2143.034981755	0.000	8000.000	0.1540	8000.000	-55.73	ht4
313	Waveform 1	1	2144.777298049	2144.840032842	0.000	8000.000	0.0627	8000.000		ca4
313	Spectrogram 1	1	2144.777298049	2144.840032842	0.000	8000.000	0.0627	8000.000	-52.79	ca4
314	Waveform 1	1	2144.871400238	2144.954096102	0.000	8000.000	0.0827	8000.000		ca5
314	Spectrogram 1	1	2144.871400238	2144.954096102	0.000	8000.000	0.0827	8000.000	-49.08	ca5
315	Waveform 1	1	2164.715557258	2164.786846796	0.000	8000.000	0.0713	8000.000		sh5
315	Spectrogram 1	1	2164.715557258	2164.786846796	0.000	8000.000	0.0713	8000.000	-59.30	sh5
316	Waveform 1	1	2181.354535576	2181.397309298	0.000	8000.000	0.0428	8000.000		l14
316	Spectrogram 1	1	2181.354535576	2181.397309298	0.000	8000.000	0.0428	8000.000	-49.69	l14
317	Waveform 1	1	2181.414418787	2181.465747254	0.000	8000.000	0.0513	8000.000		l15
317	Spectrogram 1	1	2181.414418787	2181.465747254	0.000	8000.000	0.0513	8000.000	-48.51	l15
318	Waveform 1	1	2189.601309702	2189.743888777	0.000	8000.000	0.1426	8000.000		-o1
318	Spectrogram 1	1	2189.601309702	2189.743888777	0.000	8000.000	0.1426	8000.000	-64.70	-o1
319	Waveform 1	1	2194.391965526	2194.645756280	0.000	8000.000	0.2538	8000.000		-t22
319	Spectrogram 1	1	2194.391965526	2194.645756280	0.000	8000.000	0.2538	8000.000	-60.66	-t22
320	Waveform 1	1	2196.961238927	2197.023973720	0.000	8000.000	0.0627	8000.000		p1
320	Spectrogram 1	1	2196.961238927	2197.023973720	0.000	8000.000	0.0627	8000.000	-61.49	p1
321	Waveform 1	1	2197.043934790	2197.092411676	0.000	8000.000	0.0485	8000.000		p1
321	Spectrogram 1	1	2197.043934790	2197.092411676	0.000	8000.000	0.0485	8000.000	-61.09	p1
322	Waveform 1	1	2197.172255958	2197.257803403	0.000	8000.000	0.0855	8000.000		p1
322	Spectrogram 1	1	2197.172255958	2197.257803403	0.000	8000.000	0.0855	8000.000	-52.75	p1
323	Waveform 1	1	2198.164606538	2198.329998264	0.000	8000.000	0.1654	8000.000		sk1
323	Spectrogram 1	1	2198.164606538	2198.329998264	0.000	8000.000	0.1654	8000.000	-59.87	sk1
324	Waveform 1	1	2209.702105930	2209.784801793	0.000	8000.000	0.0827	8000.000		p1
324	Spectrogram 1	1	2209.702105930	2209.784801793	0.000	8000.000	0.0827	8000.000	-59.97	p1
325	Waveform 1	1	2210.018631476	2210.107030502	0.000	8000.000	0.0884	8000.000		p1
325	Spectrogram 1	1	2210.018631476	2210.107030502	0.000	8000.000	0.0884	8000.000	-63.35	p1
326	Waveform 1	1	2216.240782740	2216.414729211	0.000	8000.000	0.1739	8000.000		t23
326	Spectrogram 1	1	2216.240782740	2216.414729211	0.000	8000.000	0.1739	8000.000	-57.59	t23
327	Waveform 1	1	2216.554456704	2216.677074709	0.000	8000.000	0.1226	8000.000		ht5
327	Spectrogram 1	1	2216.554456704	2216.677074709	0.000	8000.000	0.1226	8000.000	-64.07	ht5
328	Waveform 1	1	2224.767010663	2224.892480249	0.000	8000.000	0.1255	8000.000		-h14
328	Spectrogram 1	1	2224.767010663	2224.892480249	0.000	8000.000	0.1255	8000.000	-63.36	-h14
329	Waveform 1	1	2225.037910905	2225.297404821	0.000	8000.000	0.2595	8000.000		-t24
329	Spectrogram 1	1	2225.037910905	2225.297404821	0.000	8000.000	0.2595	8000.000	-65.93	-t24
330	Waveform 1	1	2308.754507137	2308.852886698	0.000	8000.000	0.0984	8000.000		l16
330	Spectrogram 1	1	2308.754507137	2308.852886698	0.000	8000.000	0.0984	8000.000	-61.69	l16
331	Waveform 1	1	2340.045166694	2340.107771869	0.000	8000.000	0.0626	8000.000		cl151
331	Spectrogram 1	1	2340.045166694	2340.107771869	0.000	8000.000	0.0626	8000.000	-64.01	cl151
332	Waveform 1	1	2340.551970496	2340.605632075	0.000	8000.000	0.0537	8000.000		cl152
332	Spectrogram 1	1	2340.551970496	2340.605632075	0.000	8000.000	0.0537	8000.000	-60.91	cl152
333	Waveform 1	1	2340.832203187	2340.882883567	0.000	8000.000	0.0507	8000.000		cl153
333	Spectrogram 1	1	2340.832203187	2340.882883567	0.000	8000.000	0.0507	8000.000	-61.42	cl153
334	Waveform 1	1	2341.106473480	2341.151191462	0.000	8000.000	0.0447	8000.000		cl154
334	Spectrogram 1	1	2341.106473480	2341.151191462	0.000	8000.000	0.0447	8000.000	-55.74	cl154
335	Waveform 1	1	2341.565578101	2341.613277282	0.000	8000.000	0.0477	8000.000		cl155
335	Spectrogram 1	1	2341.565578101	2341.613277282	0.000	8000.000	0.0477	8000.000	-62.30	cl155
336	Waveform 1	1	2341.860716786	2341.914378365	0.000	8000.000	0.0537	8000.000		cl156
336	Spectrogram 1	1	2341.860716786	2341.914378365	0.000	8000.000	0.0537	8000.000	-58.68	cl156
337	Waveform 1	1	2342.179705061	2342.224423044	0.000	8000.000	0.0447	8000.000		cl157
337	Spectrogram 1	1	2342.179705061	2342.224423044	0.000	8000.000	0.0447	8000.000	-59.62	cl157
338	Waveform 1	1	2342.755076437	2342.796813221	0.000	8000.000	0.0417	8000.000		cl158
338	Spectrogram 1	1	2342.755076437	2342.796813221	0.000	8000.000	0.0417	8000.000	-61.96	cl158
339	Waveform 1	1	2343.026365531	2343.071083514	0.000	8000.000	0.0447	8000.000		cl159
339	Spectrogram 1	1	2343.026365531	2343.071083514	0.000	8000.000	0.0447	8000.000	-62.14	cl159
340	Waveform 1	1	2343.315541818	2343.369203397	0.000	8000.000	0.0537	8000.000		cl160
340	Spectrogram 1	1	2343.315541818	2343.369203397	0.000	8000.000	0.0537	8000.000	-61.58	cl160
341	Waveform 1	1	2343.598755816	2343.649436196	0.000	8000.000	0.0507	8000.000		cl161
341	Spectrogram 1	1	2343.598755816	2343.649436196	0.000	8000.000	0.0507	8000.000	-65.17	cl161
342	Waveform 1	1	2345.473929885	2345.530572663	0.000	8000.000	0.0566	8000.000		cl162
342	Spectrogram 1	1	2345.473929885	2345.530572663	0.000	8000.000	0.0566	8000.000	-56.10	cl162
343	Waveform 1	1	2345.658764213	2345.718388190	0.000	8000.000	0.0596	8000.000		cl163
343	Spectrogram 1	1	2345.658764213	2345.718388190	0.000	8000.000	0.0596	8000.000	-58.50	cl163
344	Waveform 1	1	2345.840617342	2345.900241319	0.000	8000.000	0.0596	8000.000		cl164
344	Spectrogram 1	1	2345.840617342	2345.900241319	0.000	8000.000	0.0596	8000.000	-53.46	cl164
345	Waveform 1	1	2346.034395266	2346.088056845	0.000	8000.000	0.0537	8000.000		cl165
345	Spectrogram 1	1	2346.034395266	2346.088056845	0.000	8000.000	0.0537	8000.000	-52.15	cl165
346	Waveform 1	1	2346.240097986	2346.302703162	0.000	8000.000	0.0626	8000.000		cl166
346	Spectrogram 1	1	2346.240097986	2346.302703162	0.000	8000.000	0.0626	8000.000	-54.70	cl166
347	Waveform 1	1	2346.433875911	2346.696221408	0.000	8000.000	0.2623	8000.000		cm14
347	Spectrogram 1	1	2346.433875911	2346.696221408	0.000	8000.000	0.2623	8000.000	-61.30	cm14
348	Waveform 1	1	2346.898942929	2346.949623309	0.000	8000.000	0.0507	8000.000		cl167
348	Spectrogram 1	1	2346.898942929	2346.949623309	0.000	8000.000	0.0507	8000.000	-61.27	cl167
349	Waveform 1	1	2347.280536380	2347.334197959	0.000	8000.000	0.0537	8000.000		cl168
349	Spectrogram 1	1	2347.280536380	2347.334197959	0.000	8000.000	0.0537	8000.000	-57.72	cl168
350	Waveform 1	1	2351.838791825	2351.886491007	0.000	8000.000	0.0477	8000.000		cl169
350	Spectrogram 1	1	2351.838791825	2351.886491007	0.000	8000.000	0.0477	8000.000	-61.23	cl169
351	Waveform 1	1	2352.193554487	2352.250197265	0.000	8000.000	0.0566	8000.000		cl170
351	Spectrogram 1	1	2352.193554487	2352.250197265	0.000	8000.000	0.0566	8000.000	-54.65	cl170
352	Waveform 1	1	2352.721226681	2352.777869459	0.000	8000.000	0.0566	8000.000		cl171
352	Spectrogram 1	1	2352.721226681	2352.777869459	0.000	8000.000	0.0566	8000.000	-52.43	cl171
353	Waveform 1	1	2353.001459372	2353.055120951	0.000	8000.000	0.0537	8000.000		cl172
353	Spectrogram 1	1	2353.001459372	2353.055120951	0.000	8000.000	0.0537	8000.000	-50.12	cl172
354	Waveform 1	1	2353.329391244	2353.374109227	0.000	8000.000	0.0447	8000.000		cl173
354	Spectrogram 1	1	2353.329391244	2353.374109227	0.000	8000.000	0.0447	8000.000	-49.17	cl173
355	Waveform 1	1	2353.526150367	2353.573849549	0.000	8000.000	0.0477	8000.000		cl174
355	Spectrogram 1	1	2353.526150367	2353.573849549	0.000	8000.000	0.0477	8000.000	-54.62	cl174
356	Waveform 1	1	2353.907743818	2353.949480602	0.000	8000.000	0.0417	8000.000		cl175
356	Spectrogram 1	1	2353.907743818	2353.949480602	0.000	8000.000	0.0417	8000.000	-60.70	cl175
357	Waveform 1	1	2354.068728556	2354.110465339	0.000	8000.000	0.0417	8000.000		cl176
357	Spectrogram 1	1	2354.068728556	2354.110465339	0.000	8000.000	0.0417	8000.000	-57.00	cl176
358	Waveform 1	1	2355.308907380	2355.374493755	0.000	8000.000	0.0656	8000.000		cl177
358	Spectrogram 1	1	2355.308907380	2355.374493755	0.000	8000.000	0.0656	8000.000	-61.24	cl177
359	Waveform 1	1	2362.356461649	2362.407142029	0.000	8000.000	0.0507	8000.000		cl178
359	Spectrogram 1	1	2362.356461649	2362.407142029	0.000	8000.000	0.0507	8000.000	-63.06	cl178
360	Waveform 1	1	2364.686268565	2364.751854939	0.000	8000.000	0.0656	8000.000		-m61
360	Spectrogram 1	1	2364.686268565	2364.751854939	0.000	8000.000	0.0656	8000.000	-68.99	-m61
361	Waveform 1	1	2364.751854939	2364.817441314	0.000	8000.000	0.0656	8000.000		-m62
361	Spectrogram 1	1	2364.751854939	2364.817441314	0.000	8000.000	0.0656	8000.000	-62.93	-m62
362	Waveform 1	1	2364.933708069	2364.993332045	0.000	8000.000	0.0596	8000.000		-m63
362	Spectrogram 1	1	2364.933708069	2364.993332045	0.000	8000.000	0.0596	8000.000	-69.23	-m63
363	Waveform 1	1	2368.069929354	2368.141478126	0.000	8000.000	0.0715	8000.000		cl179
363	Spectrogram 1	1	2368.069929354	2368.141478126	0.000	8000.000	0.0715	8000.000	-44.38	cl179
364	Waveform 1	1	2368.445560407	2368.517109179	0.000	8000.000	0.0715	8000.000		cl180
364	Spectrogram 1	1	2368.445560407	2368.517109179	0.000	8000.000	0.0715	8000.000	-45.99	cl180